37.39
210.065
84.4274
150.882
131.685
2358.43
33.1679
332.988
225.106
40.6994
116.231
2736.95
209.241
197.294
91.6461
2839.51
273.631
1294
162.757
531.153
5500.08
77.9316
194.511
612.724
1115.51
67.7484
662.597
32.7612
3929.97
43.6072
638.495
99.0379
758.668
39158.3
191.357
512.438
1519.59
1519.59
2300.86
2161.25
3326.8
115.885
973.383
591.784
2233.29
138.173
5208.21
55.8516
7465.42
102.46
134.62
44.3298
72.1652
66.0276
5694.27
232.891
199.245
8401.26
1854.02
136.753
4193.98
4345.9
318.725
49.3508
1966.78
3768.57
135.224
503.555
3198.01
2605.17
2430.59
134.451
53.4603
89.6208
409.517
149.797
1239.35
69.2904
204.673
68.4812
40.7521
718.312
943.184
106.99
259.934
83.2762
4344.28
22.7772
10505.9
329.989
1197.85
768.2
3586.4
209.236
169.879
31.5061
543.832
85.8517
1987.46
577.844
164.333
50.8646
62.9522
487.458
388.317
7947.3
146.77
49.0846
95.9303
96.138
78.8904
2081.87
14123.7
1968.44
65.3924
91.0873
66.6793
4404.62
4959.61
155.321
467.982
35.178
78.7106
96.1102
35.616
59.8853
139.421
28.1747
69.7022
4328
6259.19
758.585
407.638
1764.75
37.7107
99.9894
122.682
35873.1
82.7092
86.0664
47.4516
4888.67
86.0531
95.9727
543.651
49.0614
3955.38
38.275
38.7196
113.476
74.5701
886.993
476.537
68.1531
15569.2
67.0271
64.7882
5115.03
906.258
143.099
80.0651
759.861
1420.94
90.6327
66.8331
67.6608
6268.38
44.9367
6843.6
40.2669
61.8749
20075.4
14001.6
268.888
58.5646
363.842
363.842
80.668
320.635
4119.77
53.1647
5676.75
105.62
158.75
71.6061
237.646
61.282
35.2101
140.787
106.064
26.0507
224.33
61.9131
119.294
302.62
119.294
302.62
148.138
74.893
965.338
1316.3
1316.3
3430
84.6405
1546.05
111.846
115.954
2574.22
212.74
271.144
132.54
57.8011
869.431
94.3231
87.4809
4881.61
115.151
538.73
1084.95
125.545
105.351
5073.54
3425.17
972.009
52.1698
721.616
6276.06
111.304
5304.84
255.846
20.2001
17.3578
63.3531
87.3985
2001.59
413.659
116.353
129.549
2098.63
8586.98
21.8725
33.156
69.8689
17.7904
114.75
107.958
63.1279
154.596
685.185
80.7021
50.468
72.3452
59.989
50.468
4343.39
248.73
93.9873
2265.77
19175.4
3467.51
185.801
44.4738
1769
58.1768
170.797
121.57
58.272
497.304
21.9137
216.398
174.456
39.3684
216.398
97.48
61.8112
4164.93
150.427
247.926
241.488
353.078
53.105
58.4265
88.6203
88.6203
118.888
411.813
53.3094
1306.58
4485.53
3006.75
111.855
23.1298
706.001
14711.4
15095.9
5943.39
121.828
72.9224
572.764
75.6189
255.77
781.794
185.546
4480.42
104.036
42.9064
5673.39
70.1505
39.5565
1643.1
81.4182
20568.1
218.115
2212.77
63.205
1290.92
36.4141
36.398
183.624
1420.97
57.3811
10648.2
498.493
2228.1
5745.43
6961.37
97.0321
104.895
1579.52
673.377
5324.05
2927.56
8441.63
683.248
93.4144
142.047
390.306
407.776
156.914
59.9494
14162.9
757.703
148.16
35.137
90.9886
757.703
148.16
247.335
88.1328
42.6907
1517.56
417.538
662.463
716.017
1624.23
48.3675
76.8933
1529.55
19467.1
9341.45
3895.1
93.9619
47.0588
125.376
54.1703
158.753
176.458
247.177
3252.24
69.6524
70.9971
56.7869
254.087
5566.25
32.0176
679.256
1079.28
4302.37
232.326
59.1229
1453.89
84.3629
45.1574
53.0446
215.437
2873.27
59.3397
131.727
739.065
171.46
47.6617
47.1154
176.266
206.339
32.1315
1442.64
166.113
3482.63
2345.51
8309.91
144.186
2645.44
114.296
49.4522
72.3758
375.028
680.446
115.424
239.563
2859.19
43.4826
30.9377
309.029
2183.36
111.998
3770.24
7453.83
129.489
10131.5
510.954
2968.2
133.424
4883.25
6538.95
77.6439
313.395
1690.68
61.2435
57.7212
1690.68
71.0522
99.2028
21296.9
127.196
398.352
208.538
2847.95
80.1945
11866.1
7337.05
117.353
1312.9
251.328
125.242
152.823
8819.84
30028.9
4456.34
404.552
76.8895
154.361
41.5222
37.4278
3729.9
451.842
2887.18
284.175
94.708
159.942
8672.79
12728.3
74.5182
7400.68
98.1492
893.71
57.0106
57.0106
197.083
1998.82
62.3519
63.6448
62.3519
138.645
319.907
2664.15
44.5841
129.29
292.536
6625.47
1544.44
2233.37
1390.95
61.8831
100.603
166.616
31688.8
109.31
98.5845
107.921
72.0031
184.53
60.5653
430.817
566.374
69.2861
155.371
155.371
73.3627
61.1161
61.2499
66.6566
32.55
3362.31
116.602
572.078
1460.7
3613.52
150.391
280.637
643.699
68.0929
90703.6
344.941
21295.9
2119.85
499.313
12165.1
23.0781
157.74
33.5169
1282.09
632.444
78.7472
735.933
97.3766
95.1265
135.412
82.3282
2018.42
37.8581
266.855
798.03
6168.55
203.371
6469.56
1539.02
90.4485
126.505
221.348
119.991
83.4949
67.0111
200.364
93.5965
1693.99
40.6413
12017.2
57.3815
120.961
142.651
115.229
3425.4
1673.53
55.8543
84.6875
69.8051
84.5534
84.5488
48.1814
4112.41
526.494
856.909
60.055
168.76
101.278
107.89
132.892
47.1333
2378.16
19.3084
393.761
37.2774
89.6842
237.961
12004.1
68.9473
410.259
410.259
131.822
553.474
2847.2
104.633
214.545
2062.96
719.636
91.7884
92.7809
2214.56
54.2581
97.1915
5960.84
18798.4
133.454
2432.41
223.191
134.597
5447.51
1850.91
34.9921
88.1871
1574.38
4131.66
4769.14
532.36
69.6847
3122.48
94.0992
1231.75
1231.75
92.2862
62.8708
92.2862
697.313
9293.42
11232.7
968.71
116.349
793.628
82.7122
715.296
102.774
9782.07
25.5513
2610.99
3029.54
103.76
1332.04
4901.77
38.0546
475.494
261.988
99.2418
150.988
201.042
6870.88
10296.2
1920.96
3755.21
2229.61
653.062
72.7223
971.037
127.639
133.237
1270.82
162.063
48.2916
240.172
74.698
76.3462
48.9614
6018.8
3263.06
65.584
37.3789
2842.94
384.338
63.9418
115.439
29.953
178.364
149.953
61.9677
86.0739
52.4351
259.058
4053.21
4175.93
1404.09
429.805
2425.85
403.455
119.086
370.903
35.6629
408.376
35.6629
2251.54
80.7275
32608.2
33.1406
131.164
309.002
55.4368
159.754
104.952
122.912
288.83
26972.5
3595.27
59.5345
39.9055
81.7897
70.463
12713.8
3913.2
2242.65
2848.04
160.716
186.566
7421.52
50418.3
120.428
44.8016
36.7054
1321.8
77.8342
9789.78
373.518
41.423
206.224
119.185
472.254
151.894
106.805
4820.38
164.29
79.1794
96.4766
3211.2
49.5723
274.408
274.49
77.0807
60.0301
574.259
119.69
4340.8
4340.8
40.3413
17810.4
414.338
79.7642
236.755
13833.6
108.888
74.0999
1933.79
929.073
83.3712
408.064
67.5799
62.8074
64.2089
100.941
1017.52
6526.89
186.129
167.39
4389.98
100.394
107.004
737.026
266.133
101.299
104.86
83.7695
173.202
36.0124
284.138
12337.4
4893.15
360.668
1069.38
34.7439
181.371
1955.09
162.498
98.7438
1667.71
1619.48
115.544
114.537
5619.31
1007.31
94.9292
5446.32
87.5182
3232.06
1084.72
332.353
820.426
135.861
31.5028
69686.2
122.581
193.886
190.586
14838.1
5810.47
696.431
161.154
51.4622
240.319
48.9292
422.518
206.145
45.6377
69.6613
360.772
66.1359
816.426
130.582
4259.34
118.055
305.956
201.79
3145.48
40.0066
146.465
157.835
205.8
293.7
1901.54
129.516
67.2036
110.728
165.709
452.722
58.2497
