1.2888
1.66265
1.90424
1.63761
1.00527
1.42115
1.14401
0.614886
1.97874
0.557977
0.358478
1.83557
0.948098
5.66817
0.308378
0.962438
0.520958
1.17171
1.71529
0.504627
5.12155
0.85756
0.334004
0.479887
1.34611
1.69518
1.82882
0.76678
1.41762
0.814036
0.500249
2.99684
0.489525
16.4715
0.521139
0.496037
0.710752
0.710752
0.992221
1.0401
1.26473
0.419545
0.531207
0.633039
1.06326
1.54245
1.25166
1.09059
1.68465
1.68867
1.40682
0.761006
1.49189
0.935104
1.88078
3.66043
0.514682
1.44753
2.39441
2.92178
5.79135
2.49269
0.632729
1.01676
0.841537
1.44537
0.297804
0.523347
0.833
1.27991
3.02702
2.61361
0.536288
1.47872
0.735312
0.489459
2.65821
2.24918
4.61586
0.603982
0.489523
0.732112
0.988162
2.63115
2.51724
0.984918
1.31548
0.893599
2.31906
0.655743
3.20689
1.48865
1.03662
0.4999
3.4815
0.499269
0.481929
0.534749
0.710353
3.69169
2.14097
0.482358
1.98094
0.463429
0.493171
1.59166
0.492436
0.810117
0.497489
0.465604
0.589555
1.66388
2.21503
1.49013
1.34435
1.78416
1.51742
1.86433
1.91662
0.436522
0.574802
0.495301
1.72295
1.85638
0.949826
0.43128
2.33643
1.41693
5.49076
9.07474
2.05525
8.24516
5.65552
2.80798
0.810388
0.477587
1.66869
78.6286
2.99738
0.58013
2.02903
3.83458
2.8791
0.700715
0.874966
0.343982
1.10468
0.669715
0.738274
0.96738
2.72132
1.65708
0.399874
1.90633
1.84831
0.392584
1.1374
4.86166
0.492507
2.994
0.592797
0.489513
0.589601
0.595892
0.490537
1.61462
3.27023
1.29145
2.1812
0.830448
0.790276
3.61731
3.02976
3.29697
0.597385
1.66726
1.66726
0.851989
2.14313
2.75422
0.764695
1.31453
2.21514
0.426561
5.49688
7.93503
1.63823
3.05744
3.32458
2.15547
0.563649
1.10341
0.48863
0.532483
1.91483
0.532483
1.91483
2.68538
1.37567
4.18631
0.613561
0.613561
1.36373
1.30553
0.953417
1.68288
1.3411
1.47437
0.368409
2.04724
0.991478
0.548666
0.554617
10.3216
0.917371
1.0705
2.50313
1.38429
0.77368
3.43744
2.07395
1.46372
1.33537
0.899538
1.07941
0.466273
3.66009
2.31427
3.92665
3.37669
0.383841
0.532186
0.623859
0.68172
0.948464
0.877695
3.63433
2.91353
2.3136
4.50515
0.528316
0.874341
0.466371
0.506197
1.89038
2.61636
0.46143
0.490902
0.490362
0.783157
0.744248
0.858969
0.494495
0.744248
1.85051
0.423265
1.87378
1.50239
3.96513
1.77026
3.14214
0.712482
1.2431
2.16774
0.489105
0.512433
1.31325
0.654419
0.636714
0.472446
0.805999
0.472907
0.472446
1.2192
2.19538
1.27405
3.86555
1.18863
0.483414
2.99437
1.37714
1.21824
0.36906
0.36906
1.72652
0.495914
1.22996
0.777019
1.32157
1.04002
2.94434
0.461188
0.425261
3.78184
4.57224
3.58378
2.80474
1.63815
0.900948
3.17246
2.12643
0.485089
0.50851
2.01275
0.926166
0.928046
2.15803
1.62138
1.18471
0.854922
1.59932
2.72981
0.385931
0.806651
1.76639
0.536128
0.414491
1.34437
2.22626
0.941037
2.34182
2.08938
0.634839
0.900263
2.02424
1.79094
3.82182
3.57801
1.99771
1.35884
6.42112
1.20884
1.74163
0.502201
1.83992
1.0994
1.12374
3.21568
5.01922
0.411091
1.9701
0.500082
0.378242
0.764022
1.91649
0.500082
0.378242
0.528676
0.70611
1.19422
0.884772
1.83904
0.5041
0.490649
0.678802
1.44042
1.07501
2.294
3.17149
2.0232
1.96358
2.8096
0.897592
1.5045
1.01329
0.451685
2.04682
0.486586
1.33312
1.3647
1.40488
1.33219
1.70648
1.93477
0.793611
0.494479
5.12269
2.40377
4.02025
3.7925
5.2115
1.19197
1.24212
0.697668
0.38563
1.73176
1.47879
2.78719
0.605004
1.94422
0.977568
0.780814
1.94729
1.32675
1.71793
1.22336
0.914668
1.43286
3.11132
2.65138
1.24889
2.03364
0.905096
1.36953
2.51132
3.32117
0.557942
1.18636
3.69344
1.47147
0.324012
0.494203
3.75704
0.734956
1.50716
1.1971
1.34566
3.3113
2.71793
0.696679
0.937547
0.497357
1.56965
1.43991
0.707116
1.57065
0.880124
0.729088
1.31317
0.880124
0.469219
0.592109
3.6216
3.44661
1.36828
0.871518
9.42669
2.1515
5.93483
2.53732
1.5969
5.33726
1.80955
4.23597
0.493698
2.33715
6.85138
3.34954
2.3274
2.02523
2.02411
1.00299
1.13155
2.01992
2.5195
2.14224
6.34736
3.5809
3.88774
2.4451
3.49254
1.06382
2.18486
1.09808
0.503494
0.993341
0.993341
2.45145
0.944583
0.424506
0.514879
0.424506
2.14078
1.95819
1.23504
1.09992
5.38494
3.19462
5.06465
2.90809
0.886358
0.653317
0.465706
1.51083
2.02919
5.07033
1.56842
1.88035
1.55497
5.64326
0.47667
0.977736
1.94267
1.96473
1.90614
0.356006
0.356006
1.01211
1.20815
1.09307
1.10139
0.708442
1.81752
2.34907
0.869914
1.08074
2.84455
3.57368
1.92785
0.788644
0.483803
6.34374
3.08454
2.399
0.978012
2.88891
4.53378
0.49217
0.459455
0.592391
1.20002
9.97931
2.41093
0.502567
0.435606
0.84103
2.73295
1.04686
2.12698
0.651717
0.519136
0.90038
3.65656
3.3042
1.35722
2.26837
2.9441
3.52719
0.49967
1.64072
1.58182
1.4772
1.58527
0.395694
3.44618
1.49902
6.03174
2.55874
3.24355
1.49018
0.667878
1.16225
1.01105
0.504173
0.749368
1.58082
0.685233
1.98696
0.492229
1.09478
6.46499
0.748162
1.73828
1.71714
0.356848
1.81233
5.1557
0.943523
1.44157
0.856596
1.38802
1.60412
1.93535
3.38903
3.15665
1.64102
1.00086
1.00086
2.49639
0.547873
0.819029
2.16097
0.976167
1.60875
1.50076
2.40019
2.42645
1.42573
1.56995
0.502824
1.47181
2.58586
0.935617
1.25081
0.496685
5.0123
2.75322
0.938617
0.574932
2.07867
0.955427
0.929264
1.18523
4.41676
0.491918
1.73958
1.42374
1.19913
1.19913
0.492211
1.88809
0.492211
1.42515
1.58938
3.18106
0.848098
0.289354
0.810866
0.593883
1.19846
1.86203
1.99694
0.570414
1.19361
1.4626
1.47423
0.711449
1.19497
0.491086
8.61527
2.15769
1.4143
1.65083
1.62579
1.99529
3.30494
2.21794
1.90793
2.47492
1.00446
1.60491
0.811311
1.34673
0.669412
0.982916
0.437968
1.54171
3.08171
1.27757
1.06805
0.49692
1.85984
1.58965
0.853738
1.54101
2.91988
3.83073
1.56874
1.6892
1.70783
7.49301
5.18476
1.87131
0.848916
1.93394
3.18804
0.951136
2.25874
3.21383
2.97165
2.05913
3.74741
1.66413
3.658
0.454647
0.494106
0.454647
0.868459
0.496323
5.01919
0.853226
1.99909
0.835675
0.509775
1.38162
1.36043
0.472029
0.604453
5.27489
2.04376
1.40595
1.05876
0.613127
1.053
4.40016
2.83286
0.863056
2.10722
2.00908
2.42192
2.21039
5.82298
2.76991
1.00145
0.696877
1.60533
1.61323
2.17078
0.711006
1.00734
1.39634
1.01786
0.518051
3.97464
1.59752
1.73383
1.68084
0.685975
0.584461
1.27383
3.0397
3.74962
1.04549
0.798232
0.932474
0.627589
0.537932
1.22399
1.22399
0.969465
2.7475
0.965944
1.03008
1.22541
2.32451
2.99429
1.10216
1.98329
0.530623
1.51241
1.31733
1.85301
3.76262
0.485598
0.422685
1.11309
4.02743
8.69901
1.01218
1.20679
0.820514
0.573156
1.49812
7.51234
3.96505
2.20258
3.36423
2.57141
1.7214
2.54063
2.2367
1.28359
10.5747
1.41414
0.501844
1.67752
1.1439
3.05112
1.87797
0.724542
1.24144
1.44904
1.17444
1.2276
0.757458
1.71262
1.1456
0.754789
1.48493
0.585373
0.489563
0.516444
2.4116
0.663502
5.80441
0.655741
0.613419
3.83735
8.39481
5.26181
0.49232
0.676685
0.756389
0.340592
0.449301
0.481713
2.96283
0.986651
0.491266
0.495734
0.461125
0.5067
1.99218
5.22312
4.65393
0.898054
0.397594
1.157
0.761272
1.01025
0.57704
0.824724
0.550843
1.53737
1.38894
1.98508
1.37441
1.83821
3.10982
1.23126
