694.856
1.64585
500.234
231.62
740.052
721.653
45.2536
208.108
30.8026
9.31807
23.8972
73.3086
154.137
149.886
293.44
115.661
5.57798
4.61244
34.3783
51.2489
8.1192
411.374
5.69536
8.13019
8.88
54.0309
5.83658
243.335
70.3059
5.28004
63.375
284.087
112.07
7.17985
13.9132
8.45896
77.7308
13.1071
6.18874
133.218
3.55754
632.287
70.2359
52.1329
22.8224
72.0235
13.3098
121.899
25.1794
22.4074
21.8463
10.7129
109.896
696.89
8.4565
889.948
184.371
7.12555
361.164
589.442
6.47377
19.38
8.32853
2.77527
1.77177
66.565
425.056
12.841
58.2355
10.2612
63.6769
44.3373
464.759
6.3453
499.741
6.67665
7.97662
16.3719
365.864
3.82453
74.7084
11.742
7.95015
430.74
18.8508
21.2281
19.0157
267.528
13.6828
30.458
35.1648
6.65487
28.3755
158.964
472.525
32.1841
3.06371
351.04
9.0487
226.326
6.80655
243.688
33.9864
18.4852
14.8813
1.27545
5.81949
5.09752
6.4206
7.08978
9.95937
239.325
91.09
188.557
10.575
14.1734
284.193
65.7797
5.29267
20.9096
8.47219
5.75906
113.999
29.8498
20.3729
16.9318
9.46438
8.46616
718.745
198.616
33.1118
5.27402
7.24698
11.6189
3.7437
17.4553
11.1592
5.43135
29.1117
69.7221
706.098
693.335
6.04933
473.715
403.507
231.709
542.931
460.81
231.465
819.074
88.7298
3.32681
197
50.9267
310.687
22.3971
203.931
366.926
97.0916
382.863
406.138
167.537
109.594
4.09173
110.354
69.1643
115.724
189.886
18.033
48.4768
6.62635
4.78008
54.6707
17.4204
4.98935
83.1169
10.6519
203.679
93.06
421.083
856.702
9.98321
644.42
8.84939
421.118
233.734
49.0545
12.0325
7.12346
7.76384
6.63082
5.94942
20.7813
401.537
5.63085
29.4055
249.81
8.06563
38.9371
2.17582
162.021
386.049
10.6117
231.57
2.61047
339.232
729.742
105.217
437.439
16.1136
21.8547
6.88037
19.0091
613.285
291.03
125.522
9.05279
271.197
32.4053
773.103
434.209
15.3253
11.7239
42.1664
34.3325
611.722
185.689
24.2603
501.508
5.0926
8.29905
61.6108
1476.8
495.057
4.99567
5.33194
14.9102
42.3662
22.8014
3.35103
12.7807
7.00712
74.1236
297.154
18.5462
9.29369
872.295
562.853
7.3175
9.68678
60.9125
254.034
135.608
311.768
245.26
8.4469
4.80367
6.9279
91.7851
177.3
5.87353
12.5851
19.6438
1995.6
8.63897
15.608
8.84534
13.0814
31.2
61.5094
8.10761
71.7443
8.59044
61.8281
6.03628
6.33144
17.6405
68.6064
3.78403
4.5387
12.4714
154.509
13.6617
28.7404
13.717
7.16389
5.98942
6.97219
39.5941
250.212
57.9833
109.019
15.9476
5.33746
5.33679
26.9777
565.263
5.42378
271.417
62.7175
4.60047
9.04103
8.49468
5.92124
7.37037
620.552
16.8227
918.349
77.2104
514.679
26.1685
492.84
159.419
68.2904
11.8502
19.4385
83.302
10.8997
7.70349
6.25196
305.306
13.2922
572.518
10.8154
7.70318
17.259
480.617
7.21016
21.6503
15.0809
10.8774
8.1605
451.676
286.494
10.7218
277.996
135.893
14.0032
14.1514
10.5251
258.035
60.977
20.1868
164.427
10.948
906.748
286.652
66.6919
245.525
403.273
362.673
4.19334
468.615
7.35136
6.73391
629.435
40.6122
20.6131
16.3429
5.33378
9.33125
8.70759
23.0388
351.843
5.91361
696.442
10.2142
13.4775
127.71
5.80779
560.747
244.375
43.2341
127.587
5.66353
28.5551
941.493
2.91987
4.7603
8.83355
15.0901
7.33862
321.256
638.882
94.7511
76.1946
402.201
19.791
101.573
1488.16
70.836
379.442
28.0138
255.261
38.176
34.8281
74.4164
172.632
4.72505
187.155
12.5819
300.375
466.02
9.50469
498.73
506.181
7.44691
272.835
420.511
8.48542
492.322
115.108
22.3351
147.348
7.81167
278.158
74.3958
8.67158
11.9096
10.9009
14.3854
3.70078
36.7279
6.42396
327.973
50.8811
11.0605
371.216
21.1468
57.8092
13.7757
197.332
11.0522
10.9142
94.1837
9.19696
7.23383
282.031
4.1857
9.17541
33.8844
189.291
443.906
877.582
157.047
340.707
7.2693
17.288
385.369
26.669
15.0335
12.9835
53.6306
625.813
415.263
29.7588
27.3363
6.79435
425.566
10.6285
330.273
12.2258
7.20588
52.3741
10.4118
6.97569
5.88248
92.064
4.51641
13.2887
6.73105
6.77231
9.74083
356.613
209.636
226.909
3.79523
8.32831
5.47393
6.4791
5.56445
107.787
5.28516
80.3586
6.56939
4.98467
28.6753
60.0741
27.2831
240.209
194.342
4.968
4.35372
6.02716
11.1489
378.147
550.888
13.9751
506.95
8.11495
18.4478
119.401
564.457
33.4138
32.5235
9.88896
87.9604
9.56192
6.37961
3.58618
20.3277
7.95408
101.373
12.1868
16.361
50.9333
26.5046
130.67
100.988
6.77861
458.17
3.69707
330.258
2.52051
27.3626
6.09934
12.6184
246.94
8.68687
5.72772
331.453
110.856
50.979
5.49178
14.0647
98.8869
446.433
5.48041
89.18
3.74683
8.85823
175.521
118.9
2.70206
361.623
56.5276
16.8007
192.961
11.1328
85.6091
12.209
222.183
5.00714
223.898
64.6845
393.651
11.3229
33.5286
196.335
161.837
113.32
650.306
529.86
6.74415
529.108
67.6687
299.873
17.6056
9.70721
2.60173
30.5555
198.649
49.9177
221.045
15.644
12.308
9.47008
481.03
9.86866
2.87147
216.67
4.71542
20.7551
538.847
175.199
434.219
46.9665
5.22043
4.32168
16.9157
8.31455
513.605
3.13559
398.395
21.4464
61.081
9.06121
42.2592
356.14
256.655
6.56084
5.71876
70.2397
16.742
9.31074
187.835
10.0878
6.5218
13.3773
34.5294
7.13002
6.46817
6.54908
368.996
67.0461
221.049
15.3243
72.5907
5.56982
74.1649
130.279
90.6505
298.222
315.778
9.40761
81.1469
6.53233
6.81102
6.77592
9.96176
636.261
8.14102
221.624
178.413
20.7434
570.32
7.61295
523.427
122.378
181.928
87.1032
3.72775
7.98019
718.939
19.4107
624.743
7.29598
10.9351
8.88989
15.803
6.34221
16.9498
18.8577
161.097
14.6685
18.535
10.4794
5.90321
11.4769
6.75061
8.84481
8.19233
563.445
14.9291
18.5334
365.047
8.7514
24.7889
75.7365
5.96261
6.00461
4.11024
6.36551
17.5099
19.0521
5.9823
415.482
517.721
1161.96
13.0529
57.8115
412.839
130.445
14.1498
15.9637
5.72189
765.846
32.3712
187.546
11.8379
47.0389
156.871
881.817
874.669
164.48
5.67943
9.82474
16.4063
3.87063
79.4199
8.71544
77.8017
332.983
6.4074
20.6996
7.95438
91.1686
9.29126
213.9
8.38733
6.95862
21.2226
10.5279
6.28643
8.34431
11.4352
232.468
222.47
239.169
5.74281
4.49959
277.92
8.26971
16.7308
2.98152
6.89637
67.1399
10.6369
7.73293
392.875
18.0594
559.868
299.032
18.5798
626.938
212.743
898.975
9.65136
10.5867
6.92136
16.1511
20.9086
2.59084
5.17159
83.8801
7.43302
7.21635
15.0781
533.409
79.9946
30.8954
6.94841
438.232
20.1846
3.07255
23.9193
10.0463
332.555
318.326
13.9113
10.8573
24.8905
40.8788
111.286
96.2574
5.16798
113.738
14.6106
55.1989
26.4076
538.025
15.7584
484.568
12.1078
64.9407
115.176
4.57433
4.53563
49.99
362.401
53.0549
355.903
84.4476
783.166
5.23942
3.4877
94.1823
560.816
17.1899
10.4751
333.747
62.1401
143.788
9.12738
797.114
11.9159
299.54
96.8958
25.89
8.55311
15.3155
47.8779
7.20556
22.0468
30.5076
10.158
885.9
288.085
2.96453
119.948
8.87968
813.09
777.724
7.29388
6.13709
313.593
13.4388
7.38939
17.2296
7.49738
9.05996
4.74151
3.04653
147.331
4.28357
21.1197
428.819
8.30281
4.84232
6.69454
155.086
4.69806
16.2437
7.47689
6.62279
20.8144
5.40421
67.2851
365.778
7.70048
30.7579
7.34275
7.89324
19.7552
8.48055
10.2593
677.202
739.403
4.55717
124.708
4.83485
17.5165
43.2006
14.4523
82.2027
203.93
95.9861
7.94731
19.1467
308.965
34.4501
584.318
304.623
550.145
318.609
5.75374
4.93139
273.306
7.65435
25.3952
184.852
306.794
2.42686
535.52
11.0867
8.05978
7.63103
434.221
738.229
12.84
6.68063
68.8312
13.2495
122.038
3.13544
38.055
6.51735
6.69192
97.0502
73.2115
19.0371
8.61215
57.6148
17.7764
411.6
3.6608
16.4018
171.167
207.012
11.4783
98.7806
70.6164
47.9789
548.617
305.371
65.7972
6.60757
259.998
2593.64
40.7025
32.9956
4.10288
6.19839
6.69403
96.6899
10.0835
513.205
251.825
300.522
746.137
213.868
7.28234
304.906
7.13936
6.68885
12.0338
7.4576
34.1263
5.78326
6.17681
8.24563
110.508
5.17053
483.33
4.05096
11.0652
4.94677
7.26997
1100.54
13.3055
4.68815
34.0192
9.95667
11.6699
146.72
102.882
11.2972
14.7097
6.40449
23.7607
21.5137
163.528
590.269
109.385
5.23417
2.45278
12.1232
519.758
19.1917
92.4235
11.9568
7.11458
7.09971
11.022
20.7127
5.82209
131.096
227.489
276.73
15.2234
559.678
740.753
14.4509
293.018
448.488
16.2936
105.211
8.98123
10.6531
1046.2
5.99145
801.483
38.9524
4.96833
12.6667
161.469
479.216
7.73043
5.08671
6.09387
272.439
8.33603
30.5721
515.072
6.778
188.925
418.599
52.8684
6.8707
8.43563
178.768
4.37015
254.18
362.059
140.227
8.05499
1564.68
19.645
6.42247
8.9109
16.2298
57.7345
10.181
428.716
9.21925
148.658
10.6075
12.797
272.853
5.17074
12.5671
127.589
52.3808
8.21961
462.72
19.5934
14.7376
10.1487
4.12675
5.90876
3.44362
14.0967
4.8357
35.5264
13.5287
555.399
7.42157
76.5406
70.2483
6.77808
569.662
13.8144
7.10896
274.152
12.867
7.55407
2.79668
20.9571
5.42747
6.17026
79.3257
5.47653
72.7061
6.58158
551.452
11.0753
18.8727
575.718
18.9858
410.293
10.7205
22.6693
16.9972
35.8456
179.244
28.3509
6.97423
2.94346
2.77654
152.826
8.76447
3.9666
23.5412
3.68862
3.74687
31.5482
7.7077
53.3663
290.815
16.3956
383.788
9.48342
12.8163
277.089
4.09622
7.20752
6.06547
800.927
706.342
21.8638
47.1595
8.38663
341.471
6.97342
5.56438
11.8451
6.21051
347.293
6.08937
21.2466
14.6793
45.8201
496.084
175.489
13.3707
14.3515
393.495
7.94956
36.8041
3.90925
77.924
8.78842
11.0839
16.1294
133.291
14.7566
871.142
23.4185
452.012
4.73296
324.391
7.97133
5.98133
28.9224
113.46
4.18544
4.44267
116.765
178.637
1.22018
4.80582
67.2227
7.6082
19.1281
6.78771
92.3993
583.202
15.0316
513.048
33.7122
157.981
7.595
26.0545
8.39154
21.4064
32.1423
132.383
10.3969
8.56097
114.552
7.56819
64.4986
5.81472
15.2731
19.7104
7.03336
317.425
300.975
306.47
178.571
6.32569
5.21596
456.704
104.598
1019.74
261.149
10.5519
20.4434
8.86178
6.47199
8.70891
8.27829
85.0551
426.656
5.03623
9.46758
12.8192
27.245
5.71026
5.51413
8.04509
3.1436
264.668
23.7961
206.684
299.574
78.7188
7.47905
1262.17
24.5974
6.04639
87.7842
161.7
5.12674
52.6911
28.5505
30.9754
72.0752
3.39622
33.6332
4.05173
15.9395
6.47786
104.689
8.07554
10.7627
7.14153
362.36
788.242
249.602
5.68548
33.4901
380.017
825.854
23.9253
7.82828
4.86694
19.0987
247.819
228.318
17.6639
130.601
146.36
160.216
8.6213
7.85741
18.4772
8.07475
334.9
5.90085
177.091
27.5268
647.106
233.777
7.60348
10.9562
6.7657
24.9406
9.86724
301.025
187.168
7.97357
8.25065
18.8301
488.619
27.1475
3.85402
10.2266
4.6775
6.96344
18.1912
11.6959
5.47619
7.83133
8.98053
25.8574
436.901
7.96056
123.439
9.68282
201.82
7.04893
7.69938
130.339
20.7438
7.62018
14.3519
842.838
10.4855
44.6854
46.7295
5.44534
326.647
602.864
130.547
6.40852
4.15434
5.10119
398.818
157.804
3.61244
6.22375
49.4124
398.712
32.6039
7.24529
75.4441
8.35838
39.6097
59.0237
367.488
3.79407
9.5335
6.70987
15.8505
17.3992
9.38779
10.6068
9.95772
16.5955
6.92707
8.77059
294.042
30.0365
4.80079
2.73898
4.02396
287.393
18.2235
12.2891
21.8037
27.2785
5.35074
304.101
91.6052
11.0158
7.54891
20.2467
7.02367
6.50078
32.0818
6.00896
10.7583
7.46631
11.5152
38.6887
25.4882
69.8108
61.2558
6.10204
7.26022
299.759
103.887
98.4384
5.65032
34.8071
293.004
6.70093
7.51006
104.18
101.481
4.80957
3.80438
460.955
9.51695
165.456
7.05369
19.6619
242.628
250.625
130.159
6.78319
67.5138
19.0816
288.241
9.04261
181.54
61.1662
103.418
2.63371
30.2323
28.4451
9.80651
7.52322
550.027
5.06482
13.428
7.92301
90.4439
18.9665
8.99672
5.63128
12.4618
503.964
4.37006
47.6379
49.7036
59.8306
5.34412
10.5279
10.3714
211.364
444.005
11.1115
10.3539
4.08079
5.5251
6.87761
14.709
173.465
51.8201
8.3715
491.937
5.01768
105.869
8.86895
450.182
10.1595
36.9275
22.5765
279.034
165.206
4.99039
909.897
15.9018
6.5609
20.0931
10.1785
9.59921
152.194
11.4494
199.441
371.391
3.71677
22.3428
299.809
8.49412
4.39643
3.52932
6.25047
50.9542
51.4427
12.0648
10.0915
135.887
5.20754
27.829
242.581
447.02
6.45291
4.49201
26.9684
41.323
25.7535
73.348
116.058
97.3513
5.58939
89.7756
23.344
5.92703
19.1182
101.284
545.328
9.6569
32.4441
254.104
151.02
2.86455
17.5672
421.023
12.6198
44.6677
23.3892
34.4562
116.664
77.0179
519.948
16.4374
7.84885
290.073
177.866
43.5775
97.6725
6.39491
182.47
674.903
70.9169
1120.91
4.42466
8.65066
8.6259
136.81
175.864
549.124
74.3864
6.82497
538.767
39.954
9.9025
266.236
33.1014
128.738
7.73622
21.3858
8.32159
14.5697
22.2297
6.82854
6.10507
3.02801
11.1607
11.5824
11.8974
28.8935
459.403
9.05965
0.449081
78.541
7.21935
4.22778
126.715
200.143
4.40254
308.59
30.8608
7.83815
2.77117
4.09054
58.0895
9.80282
984.111
9.91816
268.955
4.12455
189.01
46.8105
43.5698
8.8111
55.9613
5.93339
108.321
154.32
248.974
89.6897
5.93078
9.21357
246.416
6.39769
6.84497
6.32702
104.452
6.10414
497.592
5.50011
9.10902
354.361
12.0034
619.819
209.319
36.9462
7.9624
153.546
33.2028
7.05369
11.4624
148.107
682.724
310.977
305.353
21.3794
8.18536
6.4339
339.775
15.3988
15.9701
244.918
96.2192
5.68214
247.36
123.304
876.696
930.118
718.043
4.87391
6.61464
6.57673
6.17682
15.9443
18.675
10.5362
547.744
67.7911
194.915
67.9278
16.4967
67.2729
8.48097
408.043
503.925
2.98235
5.89422
3.95154
4.07282
22.3594
164.513
147.404
21.6655
471.876
9.38977
128.656
11.8378
12.3741
40.8301
110.026
7.93871
5.62668
23.9197
187.897
5.67976
173.595
447.642
23.6186
5.77843
4.50711
83.8429
5.86474
225.479
6.25289
155.489
81.9574
1.66774
15.9396
3.86315
15.3269
2.55287
8.55363
16.2981
26.7187
6.21768
4.32512
59.3616
420.336
480.405
387.446
45.1339
250.738
9.07485
10.7195
454.32
440.535
16.2954
402.486
18.2084
6.79411
15.4018
1.92159
15.9461
5.69036
6.90039
6.32721
7.52907
46.0562
6.67274
6.04583
17.9038
5.78918
30.4763
609.814
244.639
41.3898
20.9067
39.0123
623.207
4.30836
10.8625
526.662
3.79787
285.39
21.5159
561.827
2.77542
20.0211
245.863
307.445
12.1129
8.56727
1733.67
3.91603
727.731
20.3191
48.7144
5.86369
130.653
164.042
4.10559
427.037
45.0207
10.4856
87.7771
18.0021
375.939
3.52888
129.602
21.6368
4.40279
488.77
9.62612
58.1753
10.6772
548.627
8.34786
4.06308
389.72
126.445
744.888
622.263
768.18
140.596
61.8605
6.68615
0.819567
566.729
331.343
479.057
13.5962
588.982
213.955
69.5097
299.407
8.74506
686.58
11.6435
7.04859
438.793
7.16858
14.4561
5.37563
255.274
444.802
4.27781
21.026
150.671
113.887
35.2543
162.712
16.3243
16.03
7.79926
86.1759
5.69387
198.035
165.559
17.2728
5.07815
30.4232
12.8157
5.43608
6.03848
5.64684
6.91639
99.2473
6.11569
208.353
56.1522
4.79558
293.8
22.3009
6.06475
24.3351
226.467
10.083
404.235
134.388
50.5346
72.201
248.105
3.81698
3.37752
11.5911
318.513
7.69577
23.8094
7.83995
7.18992
12.2367
7.71119
178.008
238.39
574.769
8.41828
56.7713
214.814
19.796
5.96299
5.17001
6.50239
9.35861
9.28944
12.4032
207.706
163.108
435.81
4.91889
13.7538
7.28021
343.56
543.216
6.93755
157.834
9.64788
314.213
228.282
16.8066
292.328
4.02056
73.2503
1.99092
7.06277
441.905
12.8191
141.561
14.3333
19.2579
9.48614
97.9544
599.35
14.7163
13.8023
243.812
16.1415
6.42318
213.141
11.3644
6.38011
6.78596
561.969
6.08152
333.158
21.7428
176.449
3.17078
30.3635
13.0489
371.576
11.3034
25.2314
158.466
7.24358
17.5861
268.611
4.34703
32.3177
330.398
7.51569
34.0064
19.3412
8.4334
13.3426
179.452
4.16474
3.83993
5.44906
7.70353
21.0014
1172.85
22.6238
110.832
58.6146
80.6483
88.7336
7.44752
895.117
167.37
558.746
8.08314
60.0218
6.65952
5.32584
15.1075
346.264
18.0416
8.38586
506.868
14.7505
462.333
12.1351
257.806
10.6318
9.80501
309.003
11.9502
9.67554
6.59248
10.9053
12.6108
37.1978
10.5697
26.314
5.78332
13.9409
1.95905
15.1043
12.5453
614.088
5.5327
209.842
12.1184
20.3285
20.3092
13.2811
116.506
580.326
19.9986
3.40599
16.7142
9.3601
80.0546
267.359
6.60798
5.98688
84.746
166.585
24.5217
183.16
14.0089
215.54
124.592
100.621
190.924
86.2806
3.48895
9.09578
5.66238
7.39902
316.791
13.0334
368.447
131.098
346.731
400.318
11.4523
1058.77
63.6833
608.622
58.2375
188.721
4.35899
4.72866
3.08987
6.66524
111.277
142.089
338.185
19.8734
17.7591
31.0543
18.0103
509.651
22.7991
34.8376
5.96521
3.7053
151.666
6.02724
3.19305
110.873
234.461
8.00852
4.26788
5.863
209.686
7.11067
38.8774
6.91884
179.898
4.7708
171.766
7.91174
192.903
540.63
3.34058
3.43186
256.534
4.69727
217.542
121.106
591.148
50.4388
32.5282
5.79784
10.3944
4.77789
5.33543
5.62472
1180.52
18.6421
12.9543
6.07615
106.079
456.319
11.0075
6.36664
20.9072
9.03413
10.3322
6.51034
6.8677
223.927
234.763
311.596
0.505036
2331.45
285.683
3.58852
6.17808
6.31244
10.1734
222.428
12.8879
14.4926
46.117
68.984
585.159
47.3461
14.9819
535.086
238.247
805.385
188.561
397.661
21.1435
265.244
9.74705
5.5755
6.76026
24.0473
445.316
8.47752
5.16957
11.9516
218.98
6.83367
9.94284
109.389
726.251
8.64436
8.06983
40.7344
29.23
7.01192
9.25842
200.386
17.1697
726.412
6.55012
5.39654
6.42523
11.7981
3.98936
3.73663
2.61256
8.19251
775.63
170.208
189.015
67.6719
17.7897
5.92432
16.2446
319.783
6.64832
6.47129
2.99718
4.59657
104.162
85.9883
59.5961
384.604
232.504
227.851
86.6444
10.1026
178.161
8.82841
199.928
5.60873
9.22895
10.582
18.8852
57.9481
10.2461
7.75961
17.0093
73.4024
5.38702
160.447
34.3207
440.712
21.7997
393.854
7.44931
15.1792
54.5165
9.2779
4.60782
230.081
196.659
38.6694
5.86848
17.1733
372.212
98.0798
17.4719
246.145
5.88873
429.316
7.93284
6.02299
280.812
2.39768
128.586
11.9072
9.4274
19.7465
4.08586
3.34503
4.26765
10.7164
347.638
13.0718
14.914
216.685
29.6727
11.1487
23.096
8.69483
71.2518
395.895
5.90299
27.0944
2.23957
5.52475
3.80762
14.7735
243.676
3.42861
7.2921
5.69836
7.28988
137.543
6.001
50.2392
597.932
14.7294
12.3885
2.29026
3.46622
1062.39
5.32254
7.33087
5.41544
90.8462
261.777
16.3418
18.3341
272.319
4.66251
6.53165
8.17515
243.935
13.4814
11.1945
16.0838
16.7482
7.98669
16.046
3.05812
5.22026
21.1567
21.8826
27.1429
6.04634
7.06437
5.32804
12.4562
526.864
66.6242
8.668
4.67708
107.666
195.478
4.87177
62.6914
49.2614
26.1999
70.6774
5.90394
7.06679
12.2435
5.49943
7.02036
9.73229
2.09718
17.4063
4.58523
79.3976
293.012
78.552
538.399
316.889
36.1076
6.45075
7.7114
8.76602
11.6288
363.454
5.55679
866.161
11.7241
7.46589
8.81347
4.43833
57.4355
633.928
5.35106
88.7569
23.7578
95.662
4.46921
3.53071
5.32209
217.866
465.769
6.55212
8.82222
26.3859
31.7712
376.371
274.95
106.043
23.2863
93.6923
326.776
112.114
163.912
138.86
4.53908
14.4309
12.3424
13.8038
6.37745
519.376
529.343
23.5579
8.0046
714.18
9.19639
6.89692
3.70022
18.6965
28.4312
11.6015
980.597
9.29191
127.522
154.558
3.53806
468.201
21.0737
12.9161
33.1718
250.148
12.4182
699.581
8.45243
876.208
10.0787
66.697
770.499
352.626
29.2089
22.3553
6.02806
4.52759
385.738
69.8363
536.417
229.535
166.12
167.333
7.2856
79.5747
22.1564
4.91144
258.691
167.51
13.1903
397.009
17.716
7.0886
304.777
5.51246
4.16068
4.28517
786.31
73.0771
104.835
56.8172
8.10304
413.865
31.4673
442.426
258.596
29.4297
10.4616
31.7485
23.7093
100.292
155.813
616.518
44.2067
16.6929
11.933
7.02395
443.859
447.274
65.622
41.6456
165.32
48.5306
7.20932
36.2667
442.607
9.10248
2.78142
26.9912
26.99
63.5173
250.922
15.5983
304.428
13.9047
14.9266
4.3429
556.694
16.0126
17.995
14.2954
14.2102
5.97563
6.75631
5.03431
7.20475
22.3415
144.389
8.84836
15.622
504.755
18.7062
8.22743
6.88188
23.2043
486.739
3.82356
4.40894
5.00383
5.84025
142.258
27.9774
138.677
6.62388
296.99
155.696
8.76529
24.2922
6.75668
293.799
14.5891
9.87343
454.63
171.954
62.682
22.468
487.145
150.48
3.92723
5.6725
110.014
11.9994
125.036
63.7734
4.92382
53.3858
4.98284
178.458
5.14151
34.5251
651.959
13.8782
5.74599
11.5138
44.4997
7.86411
70.8238
6.74787
738.329
377.595
2.97183
15.952
60.644
228.309
16.2986
4.81605
10.4494
18.3183
381.183
113.388
10.1028
19.0709
9.27907
75.6643
939.533
360.284
78.0025
628.488
441.61
64.5114
71.8205
55.3209
11.2878
716.537
10.8131
167.829
4.25975
6.37992
39.6058
110.194
13.8176
17.9756
163.076
75.8447
418.61
142.801
213.667
8.23978
27.2859
8.8598
31.0091
6.85599
92.8762
75.8964
161.674
10.0363
5.13175
3.99358
3.80449
50.7489
23.295
109.867
8.6651
9.30965
8.53428
4.55179
142.945
7.16109
9.02954
166.913
528.625
4.03136
9.02524
4.78509
190.596
7.61131
11.1365
7.00626
571.099
6.36557
4.31624
15.5442
5.75934
864.819
114.666
345.931
253.293
366.598
5.70916
35.5254
30.1461
5.8007
261.767
46.0639
973.627
348.714
315.05
2.5007
46.9186
9.72051
6.02342
13.038
18.6513
8.8101
8.70115
61.0745
7.54483
36.768
98.7638
59.3831
2.69328
12.4174
44.2762
3.32524
153.934
4.158
4.93652
4.26204
6.46745
247.247
13.3473
13.3991
26.9011
16.116
402.02
11.5165
8.37153
4.58995
220.28
454.492
418.671
234.203
156.416
13.6206
41.2935
21.639
17.6938
23.4446
271.351
494.65
4.28887
4.57942
118.344
295.865
225.669
7.73099
57.2808
958.718
8.21313
7.91475
543.788
429.805
18.4093
257.197
7.36053
13.5926
54.3032
93.1467
10.3677
9.99829
5.33757
16.9145
396.275
11.7841
16.9188
676.673
8.90623
13.7177
543.415
7.97138
42.4691
7.76166
288.965
12.7399
19.6899
128.841
399.996
10.9315
9.65754
683.575
3.64552
42.5918
11.5134
561.579
133.221
30.1858
9.08322
9.38634
3.81143
7.31059
9.63944
220.918
349.59
223.921
1320.2
140.361
14.6672
580.193
195.738
7.3473
219.629
54.9955
87.7514
18.9891
886.04
5.92588
152.601
5.84955
34.4571
218.059
20.2258
1404.93
8.77912
30.8125
3.93067
7.44829
10.7487
29.8823
166.604
6.53263
10.0836
66.3819
277.908
7.44122
22.2408
248.624
8.2474
146.154
282.091
241.892
148.18
4.76313
20.1481
8.55074
36.7657
372.355
11.0239
18.0256
8.31438
19.7627
319.801
6.25432
31.752
2210.18
882.193
198.182
14.1614
235.4
91.3638
85.2057
10.7521
33.9809
6.1425
471.236
4.3642
35.4777
16.2204
160.367
534.258
6.83642
5.32031
187.067
12.4434
4.72045
5.72338
290.691
6.55543
94.1311
597.651
6.61563
11.8219
120.623
9.51296
3.2457
280.678
687.784
4.99812
35.4629
14.1302
425.805
116.88
137.075
15.8999
219.869
869.473
246.981
6.52065
19.6979
41.6859
432.359
202.641
201.817
7.01718
215.979
198.292
23.1964
232.676
130.059
81.0463
65.2327
10.5947
102.898
3.78094
27.9866
119.755
1077.65
180.673
4.27858
159.042
718.84
20.5138
17.2079
79.4321
6.10338
5.32038
11.3608
17.0736
18.2277
8.57168
137.031
314.471
9.48397
3.72902
5.64806
5.53284
7.85263
12.0352
3.67686
147.292
470.802
18.3006
616.882
6.40286
230.224
100.73
82.9964
148.26
26.7889
97.8709
145.866
14.2866
85.4631
3.70872
261.73
36.9975
5.7476
6.92554
6.26417
77.1128
41.311
489.797
70.9481
18.4991
34.004
4.9796
37.1928
248.2
5.97829
9.31679
5.01042
5.3406
3.35128
6.43097
22.7384
300.118
4.44606
53.4186
6.62405
6.52407
5.98584
18.8195
5.17709
209.184
280.073
400.03
34.7649
20.0128
6.11512
11.2482
162.719
270.768
7.74533
624.337
720.007
289.85
5.74846
9.00653
449.842
19.928
4.64786
8.72963
147.831
5.38309
291.929
508.446
186.355
240.865
9.6492
6.72824
24.1341
37.8905
355.83
277.422
273.535
470.846
430.131
147.109
43.7468
33.9789
35.3383
19.4767
9.5282
18.1242
929.574
185.479
590.917
6.52868
23.4971
89.8137
30.3202
770.722
263.522
19.7207
11.4945
336.708
7.87402
5.99365
10.4909
49.8087
645.854
7.94758
44.4057
422.096
61.7391
82.478
19.4446
16.8298
487.601
6.02172
39.0775
12.8019
299.939
50.3935
7.30247
225.536
79.201
2.60812
3.29913
10.3089
93.0765
7.67285
5.1024
8.81302
12.1515
205.598
4.53961
222.456
9.99367
31.0378
56.4655
7.82954
8.36739
262.189
78.4386
5.91238
43.4526
6.98723
76.6434
67.7496
439.431
122.534
14.0272
22.7187
995.224
4.6477
8.5188
6.30154
10.7582
19.4183
601.298
12.4155
176.327
13.7009
9.81437
125.685
57.3121
17.1207
182.516
7.97856
5.3373
11.7426
376.093
207.884
241.871
5.30451
387.88
5.00303
64.966
3.76622
12.1812
126.766
8.42514
38.5093
139.874
280.081
496.45
233.636
181.079
210.101
346.444
2.32972
4.82307
5.11652
18.9068
560.418
8.84312
6.61892
202.255
449.658
6.24771
8.8576
102.107
6.64679
8.84005
37.7715
3.02582
4.07127
17.883
805.748
18.339
8.75002
543.877
3.61011
7.94064
12.7014
22.053
11.1337
4.60117
6.71409
64.127
16.3201
25.2009
5.61595
10.3104
45.8351
101.115
240.585
125.228
7.41249
168.5
617.919
26.7231
13.2398
35.4643
4.57058
251.172
488.873
386.097
52.2629
145.246
1.96971
6.21919
2.40998
2.21844
8.67149
2.28432
5.58894
470.102
22.0227
604.648
5.94621
716.663
48.3579
10.037
229.077
54.9462
23.8183
37.1987
5.3457
84.6988
4.37229
247.243
4.94954
6.79293
201.197
337.016
11.2622
19.1195
11.2092
567.479
11.3875
29.6566
64.6092
4.82824
3.58065
226.308
191.276
8.87139
10.4021
7.50209
87.2131
414.68
150.273
9.40027
113.444
4.93506
4.38248
7.1188
21.8998
8.59631
9.92297
180.069
365.203
8.64832
347.86
5.01438
7.18694
6.14905
428.256
596.234
6.33169
196.918
8.32558
23.2803
4.1247
164.537
8.38978
341.925
371.985
68.2677
1205.94
15.8077
30.4908
12.1562
192.356
133.603
14.4206
618.01
4.72443
153.715
12.7474
5.41832
186.437
203.822
273.763
942.413
61.1346
413.885
127.278
10.3516
244.272
5.92967
15.3324
17.6126
162.438
21.3848
6.90187
72.2231
276.24
9.58322
12.683
4.56585
40.0049
256.604
358.595
265.55
10.191
13.167
26.7748
5.01163
215.315
414.091
29.6418
66.2166
13.6494
4.54903
6.09561
7.74745
5.26749
272.991
351.26
271.967
92.71
9.04502
367.603
11.7404
10.9561
22.6277
82.8113
24.8116
20.0852
315.38
10.5539
11.1497
101.304
9.81514
6.36204
23.7995
415.48
300.549
4.38334
277.405
127.364
305.172
5.55043
3.36384
2.71373
140.244
10.3022
440.852
5.59801
151.707
8.38723
6.37837
11.4808
69.5157
2.09597
13.5335
108.648
2.44864
104.868
379.103
6.47994
7.34639
21.537
155.683
12.7219
323.09
11.5041
409.411
10.2236
208.186
11.568
6.49754
14.5971
130.855
6.66174
9.5564
28.1145
4.15979
272.81
250.716
4.5259
17.394
6.84721
490.629
10.7408
8.09994
233.557
105.922
95.612
13.3734
5.4638
479.806
106.453
103.239
9.10726
537.578
6.40782
6.88814
4.63098
88.7417
20.0486
27.5406
399.478
124.717
235.503
12.6857
1.51906
591.978
475.477
24.6605
14.5169
7.28655
9.84862
88.3102
287.07
7.39577
4.71916
5.53566
47.5983
10.1207
409.585
67.3896
7.19302
301.089
7.74048
443.63
55.116
241.576
13.5178
26.7794
238.093
25.5601
543.047
326.998
205.569
911.684
3.18643
333.295
113.1
102.366
889.198
89.4404
33.1112
7.57078
598.958
45.8689
235.401
6.00424
6.99175
19.3203
15.1969
1044.86
13.7584
13.2866
8.78668
565.227
14.4023
484.41
22.0696
6.35635
6.99861
64.5466
7.18016
257.984
633.934
26.6037
7.28164
8.20228
15.4471
22.9138
44.4052
20.2065
224.092
7.19921
33.9969
229.629
6.21592
155.838
351.806
21.8801
12.1922
7.31219
4.58832
144.097
7.78318
12.8923
169.34
186.285
395.378
4.59856
690.997
199.976
24.9098
337.737
500.498
12.8491
9.66247
5.75271
65.6919
289.272
5.74265
74.5369
238.762
6.46945
244.128
7.83214
303.753
7.01638
6.66621
372.976
29.8338
9.8179
6.55543
32.3022
19.0427
154.432
47.5841
85.7724
201.035
692.559
990.034
757.143
822.44
10.0657
13.406
13.708
193.819
927.731
187.594
12.4381
11.1833
314.414
215.146
7.14251
1173.58
198.77
32.5025
5.95401
144.473
161.092
4.58137
86.2325
4.12719
314.56
641.163
137.273
195.926
3.80093
4.69656
7.53019
16.2666
10.6888
7.13475
17.3014
350.907
17.9147
47.594
16.9078
13.8094
622.645
12.4824
5.94482
329.039
89.2805
69.0461
8.67449
71.9041
5.51142
469.669
10.9416
16.1791
10.7264
128.861
6.98421
72.608
9.83743
200.057
10.1508
464.61
67.6613
140.723
16.9315
846.745
6.71517
117.486
4.42987
93.9245
383.945
352.997
9.2842
20.7219
146.901
57.2169
44.2955
449.408
48.0952
44.4012
145.046
14.2133
82.8545
7.842
182.385
20.0301
6.58489
12.5412
40.6909
307.559
90.6519
8.67312
5.86474
4.25241
39.0033
8.47073
6.14342
173.47
462.466
8.73205
132.608
13.1691
248.057
23.6333
4.42218
6.36981
299.787
7.68677
24.4718
9.70689
75.1968
20.1542
7.6396
15.1983
718.473
29.2402
2.62624
7.90272
298.762
222.017
1948.28
443.362
93.4907
7.14402
6.17585
12.0315
299.231
2.66648
4.23533
3.56878
18.4223
7.07661
309.509
100.891
12.939
366.827
26.3448
171.461
4.06821
29.4523
127.568
17.4834
492.448
186.083
77.8275
264.223
6.61927
81.3774
282.995
14.7209
7.18091
138.337
583.765
54.3107
61.3293
10.3696
85.5566
7.05306
270.777
99.1022
10.1395
7.73956
7.63958
163.054
49.8638
150.256
39.4264
9.91696
6.62667
5.30448
11.8034
171.258
340.085
231.143
16.2844
180.091
71.6308
29.092
25.1928
37.8101
35.7544
58.9659
5.11054
104.856
7.89353
10.281
9.1941
235.078
382.422
6.75389
14.0303
145.133
5.39349
34.3088
12.1224
2.55203
2.93146
2.73054
12.938
2.97175
53.9348
8.46907
15.2483
174.546
576.824
255.62
7.69471
1731.07
5.07804
4.32267
21.116
34.207
25.5722
21.7758
25.4283
8.38842
5.82117
7.87751
13.3867
86.922
202.937
3.75678
5.49391
7.98127
11.9313
6.41782
6.26904
112.464
37.3398
401.059
13.8505
176.014
30.1922
285.155
30.1442
12.0978
6.57213
31.9195
226.546
319.865
5.90083
8.23679
5.67838
5.99444
6.84165
98.5117
12.1225
8.0849
7.83316
12.8652
826.095
6.52065
382.312
425.511
84.3066
4.51534
28.7784
334.589
4.7971
128.873
4.96949
3.56875
79.9379
6.63598
29.8737
31.5729
5.07773
4.47698
25.7831
265.338
5.84622
13.9308
77.8098
44.8615
55.0118
2.7761
6.85455
195.22
6.35906
7.50113
446.103
19.8374
13.0853
263.966
5.24379
103.824
26.15
17.9138
8.52073
76.1671
104.933
67.7196
11.6235
602.036
7.61753
20.7382
544.64
20.3881
15.6025
14.3283
320.316
119.046
8.26551
110.32
10.1873
75.5648
72.9716
8.16181
215.15
6.84105
304.174
49.6447
65.6906
60.1642
4.16519
9.0551
12.8704
16.7422
67.4557
2.67437
179.28
231.369
10.014
10.0156
241.876
3.01055
328.231
264.048
580.087
20.5737
9.67196
38.3146
203.618
571.395
494.246
175.983
11.2058
9.10951
46.3742
8.87793
11.4787
5.93215
664.96
17.8861
10.7867
623.622
4.92077
7.64386
56.7921
550.628
5.39339
105.145
23.9497
28.7602
578.481
75.7948
24.6008
61.1684
9.86587
260.069
7.54012
8.22485
52.7658
250.475
96.1008
65.0206
230.773
11.7134
186.582
98.0125
187.968
874.553
14.63
7.35624
1202.54
59.2182
6.56365
7.71315
9.92323
835.726
135.85
6.30485
9.76501
118.523
4.38229
86.6707
831.627
58.9567
19.688
8.99915
96.9472
198.868
7.56631
57.3725
7.73045
6.5419
6.54656
20.6724
25.4459
5.12352
5.42476
3.74626
6.80938
379.228
5.26896
8.00734
11.2215
5.10612
747.558
20.0486
26.2041
382.735
252.849
192.111
11.9322
8.7214
6.84011
5.46401
1766.54
99.5388
407.271
229.349
6.88839
2.52877
7.19888
15.5081
17.2966
61.6023
102.479
16.9092
20.058
5.15206
51.0316
227.515
5.30664
117.332
6.34897
14.6418
258.802
7.74379
13.3134
5.50386
10.8104
8.85999
29.0083
15.4567
7.68377
21.5319
61.8947
353.058
715.87
54.5071
97.2671
562.845
2.57386
3.49655
11.9009
4.98371
171.729
319.497
467.773
25.2404
23.1469
553.487
5.32553
49.881
140.688
297.587
12.0533
8.19653
155.87
8.42239
22.7967
639.771
13.0078
15.428
420.197
299.085
26.6017
3.67037
3.11035
2.24521
6.46889
91.4262
6.15946
46.3142
118.029
3.57052
34.3839
55.2343
648.212
166.845
462.615
23.0852
189.062
122.16
147.53
14.8531
1.02182
89.0134
316.937
287.84
3.44295
11.5628
5.32828
9.39935
607.042
8.94339
133.699
7.86345
8.25772
9.30469
167.135
393.778
5.74742
10.5541
254.231
3.90175
3.23379
11.9199
124.218
3.47559
71.205
14.0761
8.53039
446.14
172.409
397.949
4.25333
5.08778
166.923
102.434
6.96377
581.479
5.89944
66.8532
2.76451
217.975
266.185
7.7525
136.358
8.23619
56.6937
7.04727
484.363
4.47572
7.56359
160.963
6.13343
20.3296
225.704
502.226
18.8658
211.4
131.791
91.4211
8.64481
200.649
10.3743
5.27239
5.31663
21.9832
2.77983
83.6886
11.5536
21.3202
580.491
152.179
139.166
77.0555
84.0736
8.75909
314.901
14.7456
152.539
18.3782
8.45643
572.823
336.468
5.88657
244.43
4.62668
240.271
555.677
535.376
5.07844
131.225
54.7025
29.4714
7.50565
6.17599
154.577
122.118
3.8009
5.07578
188.675
87.0547
12.6897
23.661
339.165
8.2309
7.46472
580.681
11.2055
7.44721
5.775
163.711
299.317
35.4399
9.85569
2.83178
8.71662
114.608
13.7496
77.8823
442.035
5.85306
5.85207
102.93
56.4559
2.35814
12.8368
13.2389
235.999
10.924
595.134
4.42861
328.07
14.68
49.3178
55.8191
7.94569
36.0883
4.05809
4.73452
6.34333
5.88264
335.042
446.827
67.8056
8.62024
329.069
19.8126
8.80457
5.19131
21.5917
227.37
7.70055
263.23
327.601
83.925
27.1309
328.428
63.6929
183.367
238.191
5.21666
110.875
6.61666
115.233
196.599
11.5265
5.48584
5.05548
27.8423
75.7435
3.42246
219.048
123.311
156.124
5.1734
7.27132
11.2204
6.62148
290.928
17.6369
59.8581
111.668
365.218
44.6311
13.0123
386.462
61.5968
5.4864
31.3987
16.7353
32.1553
37.9423
50.2685
236.041
464.011
6.6848
26.4341
357.178
412.034
5.70338
16.2506
3.834
2.81696
87.8062
1.71198
25.7012
45.5472
468.317
10.7914
7.15127
80.9847
9.20733
7.30172
266.578
108.32
22.7823
695.844
142.551
109.918
8.19178
12.601
235.926
1122.79
67.7965
10.1627
14.7184
628.243
10.9197
66.5445
6.8659
505.819
12.367
5.29008
482.899
4.12159
10.1912
7.04011
19.7937
96.5925
42.3173
13.9734
276.153
7.06791
7.1637
20.0495
6.79493
2.16678
423.482
22.1944
480.88
257.883
86.3336
11.1074
727.604
3.64529
125.082
5.25171
15.1676
589.416
9.34938
8.10555
503.372
270.837
280.209
7.3338
12.0753
15.8166
11.5935
3.48641
139.483
7.94093
385.6
79.1883
11.7555
9.13905
33.6301
14.548
8.10109
218.174
42.4334
8.29527
7.76761
21.7535
54.923
51.848
941.875
2.65634
12.9346
220.878
5.32192
4.37271
41.9057
8.17319
97.9835
25.4517
180.229
12.5157
325.434
2.57686
323.848
448.197
392.143
4.93734
79.0378
347.943
942.862
11.8382
343.193
483.642
232.687
11.7833
196.665
13.3962
36.4255
14.965
19.0766
743.088
36.5215
12.2316
16.36
39.5354
4.28323
169.863
114.919
10.6137
336.883
6.7492
7.86538
17.4043
323.278
618.769
20.9872
7.16067
24.0604
68.286
37.5998
275.396
33.0621
147.096
3.95585
116.919
9.83802
15.1942
6.20271
6.223
132.544
13.3824
104.132
1060.59
90.6605
482.289
3.41515
5.72787
15.7354
8.78726
9.77686
1.4501
5.1289
12.0694
148.43
14.6714
5.40418
294.347
99.5424
6.85289
9.72299
19.9446
18.8519
