1.66265
1.02243
1.90424
1.42115
1.63761
1.97874
0.358478
1.83557
0.948098
0.334159
0.308378
0.520958
1.17171
5.12155
0.85756
1.34611
1.69518
2.99684
1.08506
0.521139
0.992221
0.647604
1.06326
0.761006
3.66043
0.514682
1.59653
2.49269
0.632729
1.44537
0.297804
1.27991
3.02702
2.61361
0.536288
1.47872
0.735312
0.489459
4.61586
0.988162
0.893599
2.31906
0.655743
3.20689
0.755459
1.48865
0.383492
0.499269
0.481929
0.534749
3.69169
2.14097
0.493171
1.59166
0.810117
2.21503
1.49013
1.78416
1.91662
1.72295
1.05873
0.43128
2.33643
1.41693
5.49076
9.07474
2.05525
8.24516
5.65552
1.66869
78.6286
0.58013
2.02903
3.83458
1.10468
2.85827
0.669715
0.96738
0.738274
2.72132
1.65708
0.399874
1.1374
2.994
0.592797
0.595892
0.490537
3.27023
0.597385
1.66726
1.31453
2.21514
1.10341
0.532483
1.91483
4.18631
3.75803
1.36373
1.30553
0.953417
1.16997
1.47437
0.368409
2.04724
0.554617
10.3216
0.432786
3.43744
2.50313
2.07395
0.466273
3.66009
2.31427
3.92665
3.37669
0.623859
0.68172
0.877695
0.874341
0.466371
1.89038
2.61636
0.46143
0.490902
2.00501
0.494495
0.744248
1.85051
1.89408
1.2431
0.512433
1.0211
0.654419
0.472907
2.04067
0.472446
1.2192
3.86555
1.18863
0.483414
1.14093
1.62608
1.22996
1.32157
1.04002
0.425261
3.78184
4.57224
3.58378
1.63815
0.900948
3.17246
2.12643
0.50851
2.01275
1.49893
0.928046
2.15803
1.18471
0.806651
1.76639
2.34182
0.634839
3.57801
1.99771
1.35884
6.42112
0.502201
1.0994
1.12374
1.91649
0.500082
0.378242
0.70611
1.19422
0.411091
0.5041
0.490649
2.294
1.44042
3.17149
1.07501
2.0232
1.96358
1.5045
1.01329
0.451685
2.04682
1.3647
1.5386
1.33312
1.33219
1.70648
1.93477
0.793611
5.12269
2.40377
4.02025
5.2115
3.7925
1.19197
1.24212
0.697668
1.73176
1.71793
1.43286
1.24636
3.11132
2.65138
1.24889
0.921657
2.03364
0.604211
3.79893
2.51132
3.32117
3.69344
1.47147
2.05278
1.34566
1.56965
0.707116
0.729088
9.42669
5.33726
6.85138
3.34954
2.3274
2.02523
0.839467
1.34969
6.34736
3.87861
2.4451
2.51025
4.17116
1.00305
0.514879
1.95819
5.38494
3.19462
0.94014
2.90809
0.653317
0.465706
1.51083
5.07033
1.69468
1.88035
1.55497
0.356006
0.658749
1.01211
1.20815
1.09307
1.10139
1.81752
2.34907
0.869914
2.84455
3.57368
0.353725
0.483803
6.34374
2.64258
3.08454
9.97931
1.20002
0.435606
0.84103
0.651717
0.519136
3.3042
0.49967
0.922171
1.4772
1.58527
3.44618
1.49902
3.13822
0.771226
0.685233
0.492229
1.63946
1.71714
1.31659
0.582262
0.943523
1.38802
1.93535
0.547602
1.64102
1.00086
2.40019
2.42645
0.502824
1.47181
1.71851
1.25081
0.496685
0.938617
1.08735
0.574932
2.07867
0.955427
0.929264
4.41676
3.39458
0.491918
1.88809
0.492211
3.18106
0.848098
1.42515
0.810866
0.593883
1.19846
2.62449
1.86203
0.570414
1.19361
1.4626
1.19497
0.491086
8.61527
1.62579
1.99529
2.47492
1.00446
0.982916
3.08171
1.27757
1.85984
1.58965
0.853738
1.54101
2.91988
3.83073
0.848916
2.18313
2.25874
3.21383
2.97165
2.05913
0.454647
5.01919
0.853226
0.604453
2.04376
4.40016
0.863056
2.10722
2.21039
0.696877
1.61323
2.17078
0.711006
1.39634
1.01786
3.97464
1.59752
1.73383
0.584461
1.27383
1.0885
2.06737
3.74962
0.798232
0.627589
0.969465
1.36481
0.530623
1.31733
1.11309
1.20679
1.01218
2.22889
1.7214
10.5747
0.509252
1.67752
1.87797
0.724542
1.2276
0.489563
0.516444
0.663502
0.491266
0.495734
3.50201
0.397594
1.157
1.77056
0.761272
0.57704
0.824724
0.550843
1.53737
1.98508
1.37441
1.83821
3.10982
1.63534
1.10278
1.0479
1.28209
2.9494
0.830968
1.26847
1.28852
1.18543
0.555446
0.482169
0.435561
1.74371
3.47289
1.16021
1.01417
1.98915
0.729895
0.503753
9.41919
0.49885
1.78172
1.05495
0.531077
1.91807
1.60699
0.529233
2.16391
0.565497
0.494098
2.09082
0.919112
0.529789
0.625834
2.46271
0.934476
0.853866
1.69988
0.487103
0.510428
1.34888
2.09861
0.486341
1.05268
1.67587
1.29007
1.32124
1.52361
1.77066
0.495403
0.344758
1.43736
1.82722
1.01095
0.444645
1.38315
5.51464
0.646192
0.651934
0.499776
0.445314
0.327771
1.6174
1.10111
1.55988
0.434356
3.09484
0.970266
2.75437
0.477803
0.418316
6.41039
2.50235
1.25817
2.25537
2.51007
1.44553
3.29009
0.699877
1.2588
0.789057
0.644668
3.07335
1.25829
3.03043
2.8606
1.1698
5.45424
0.505928
2.61691
1.62162
3.34833
0.827305
3.69263
1.99758
5.15579
1.13275
1.36058
1.19276
0.505537
1.58389
0.336528
0.492485
1.7291
0.640554
0.985735
3.00077
3.55922
1.24684
1.14672
0.799972
4.1333
0.392783
0.44583
0.506312
0.490379
2.06557
1.47561
2.38874
0.895468
1.83315
5.85912
1.81108
2.48479
2.05803
0.495641
1.30332
1.90914
0.622363
1.25086
1.06235
3.6637
0.789887
0.950416
1.49919
1.72356
1.48956
5.32451
1.78535
2.11301
2.76291
2.47191
2.13108
0.919825
0.708405
2.56582
1.6837
0.863616
1.72605
2.90226
1.79738
0.878268
0.512404
0.702074
0.93258
0.383867
0.790256
2.99424
0.500279
3.33826
0.806749
0.890985
3.66681
0.903032
0.702067
4.39504
1.24778
4.89589
1.13785
1.81195
0.508486
0.831489
0.626435
1.00615
1.17838
1.49811
2.95746
3.8665
0.856593
0.945198
0.503206
3.30801
2.56384
1.9278
4.33378
2.10506
3.73696
1.79783
0.769033
1.41442
10.2743
1.43485
2.22702
0.484556
0.491519
0.677331
1.76321
1.94759
1.76975
0.856866
2.93787
1.42957
0.630579
1.6626
0.510978
0.519007
2.23321
0.932907
2.72594
1.31537
0.688541
1.03143
3.31923
1.77847
1.362
0.511892
1.07199
3.61197
1.15766
0.433888
1.19479
0.608992
0.900792
0.370586
1.1992
0.523867
2.04932
1.4903
4.12255
1.19944
1.41988
0.955252
2.10338
1.7197
1.74802
2.19827
0.57365
1.56234
0.396827
2.19081
2.00484
2.06167
3.03134
2.03844
1.49772
0.842814
4.9378
3.60252
0.497901
0.424131
3.67347
2.16319
0.34551
0.538101
0.372781
1.33901
1.08663
1.94945
1.83431
1.51259
1.2579
0.635854
1.18597
2.08278
0.623883
2.71899
0.407314
0.813382
1.58367
1.20194
1.82796
1.14625
2.05059
3.02384
1.71979
3.3268
2.8717
2.03183
0.430752
3.09204
0.771574
2.77664
5.24134
0.805667
2.68114
0.42726
0.526178
0.77786
0.499294
0.528927
3.17926
19.4714
0.998141
1.8582
2.30342
0.44972
1.59325
3.32957
4.48995
0.493529
1.89579
2.68028
1.21923
1.43037
1.15793
1.25146
1.07085
0.876377
0.703195
1.08601
0.813268
0.524878
0.53128
0.845602
1.5935
1.0897
0.938056
0.692559
2.99389
2.28132
1.56513
3.66545
3.3767
2.5572
3.13801
2.00138
2.47768
2.16478
0.501746
1.95775
1.29924
0.504315
1.52695
0.605086
1.94053
0.532206
1.85532
2.66317
2.37487
2.01465
2.50833
2.71836
5.35859
4.27908
0.954916
1.34329
1.07195
0.405463
0.496235
5.6694
1.83891
0.872054
4.35614
1.95757
0.46464
1.81594
0.775007
0.526106
1.46738
0.355635
0.43477
0.372151
1.76752
0.661708
0.501765
1.979
2.31199
1.01133
1.80921
0.632811
2.82266
2.90255
4.35703
1.50003
2.906
1.18563
1.69331
1.52484
1.22695
1.7034
0.377516
2.84587
0.700636
1.62192
2.47001
1.12566
1.07065
0.486517
1.00828
0.494299
0.504499
0.443427
1.48001
2.2726
2.65065
1.31647
0.430373
3.89684
0.495175
0.498889
1.78707
1.99694
1.2115
3.37263
2.80001
1.16718
2.92729
3.67231
2.6342
2.70899
1.47205
1.92225
1.84354
2.19292
1.60328
1.47748
0.497962
2.7249
0.899218
7.75943
2.90507
7.20917
0.881119
0.403999
1.15234
0.494018
2.22053
2.6192
3.03434
2.08894
0.504531
0.552502
1.4384
0.794978
1.40222
0.356476
0.945293
0.928569
0.794628
1.18835
1.56209
0.983639
1.48031
0.976502
3.40339
1.30011
2.75642
1.87558
6.88807
0.502633
0.489618
2.18056
1.34923
0.589185
0.726902
1.54487
0.499753
3.93383
1.9194
1.47341
0.830407
1.62248
0.937325
2.40854
2.8476
1.74015
2.48111
0.478988
1.94124
2.2246
3.14792
3.69835
2.22276
0.956165
1.10578
1.39461
2.60704
1.58559
3.88378
3.15089
0.497016
0.708156
2.01206
0.324731
2.36549
2.07475
1.45969
1.4692
0.501357
1.22208
0.385793
1.529
1.02808
2.44597
0.439963
0.497961
2.14311
0.766437
0.970767
0.511344
1.83624
3.63435
0.786479
0.49537
1.00228
7.35947
4.13758
0.489946
0.510449
1.41653
1.34293
1.43372
0.501812
1.02467
1.24217
1.24347
1.76869
1.59477
0.882327
1.31633
1.77471
1.74526
1.7643
2.21526
0.711067
0.48669
0.636372
0.70061
0.448478
0.753211
1.20361
3.07476
0.515292
0.723952
1.5323
1.8821
2.23912
0.487451
1.4444
4.21522
0.670603
0.746568
2.44946
0.881762
0.494856
1.37399
1.62921
0.760029
0.598903
1.68949
1.87137
3.07555
1.32115
1.36062
4.04259
4.16492
0.374348
2.92762
0.777999
2.64251
1.35227
0.764085
2.0343
2.00776
0.500011
0.999503
3.19398
0.680804
2.42395
2.70164
0.83931
1.37812
1.77222
0.936205
0.396303
1.3088
1.43152
2.3203
1.24152
1.8491
0.507866
3.60936
1.28041
3.1255
1.6146
1.64777
0.49355
1.59404
1.78839
0.828131
0.412128
1.56665
1.23544
1.58627
1.36393
0.505551
1.66343
2.21018
0.790148
1.27137
1.56466
1.41469
0.73344
1.23139
5.2918
1.92825
1.19481
2.06465
2.0602
0.477084
1.37429
1.83543
0.950198
0.569296
0.482078
0.561592
0.964691
8.04667
2.94243
3.71991
2.40854
1.92247
2.95139
1.20099
0.752616
1.51182
1.70833
2.18272
2.46586
3.10752
2.71468
0.477446
1.74382
1.21906
0.437191
0.375504
1.07982
4.21882
5.28953
0.350775
1.74178
4.46393
0.676221
2.14145
7.54644
1.01604
0.651584
1.09187
0.481344
1.06256
1.98705
3.56895
4.13615
1.77614
1.2144
2.67676
2.77152
2.38239
2.43564
3.09456
0.521163
0.41719
1.66358
1.03319
3.01274
3.89443
4.31404
4.58816
1.56148
1.5224
2.7833
1.95978
1.69448
1.50943
3.3775
0.698198
0.988282
1.05008
1.52097
2.04757
0.509364
2.03967
1.76541
0.997945
1.13054
1.66503
2.55029
0.403571
0.508836
1.17578
0.915633
1.19124
1.06767
0.839036
1.11665
1.42092
0.981262
0.50349
0.712461
0.37602
1.56095
0.406082
1.30359
1.55011
2.75081
2.2968
0.695428
1.66001
0.279292
4.01687
1.74856
0.393071
0.418038
2.36045
1.74216
1.05643
2.81517
1.58787
2.08103
1.33863
1.86056
1.21757
4.19542
2.72294
1.65404
1.97174
2.00029
17.8461
3.21423
2.72707
1.10254
2.80481
2.45644
0.580466
2.16164
2.49237
2.04687
0.552073
1.53899
1.48462
0.603993
0.691264
0.319736
1.4872
0.598027
1.77082
1.04798
0.471468
0.491807
0.283794
2.50857
1.359
2.06716
0.735215
1.18873
1.96422
2.12951
1.86623
1.44238
3.28939
1.50244
1.23353
1.8854
0.670124
0.574801
0.834474
0.941861
1.03718
1.01877
2.60282
0.327991
2.46659
3.02522
3.52557
1.55853
0.482777
1.50902
1.46331
1.65312
2.1232
2.40435
0.676481
2.35163
0.965479
0.501611
1.44331
3.06287
0.515789
1.26003
4.34809
1.32121
2.1834
0.504053
2.86206
0.49914
0.919012
4.06258
0.348369
1.74762
1.76791
2.88127
2.91594
0.77832
4.34475
2.67134
2.61978
2.96429
3.03392
2.15369
1.65819
1.89692
2.36753
0.575428
1.07236
1.41642
0.496058
3.15135
0.716978
0.504985
3.34976
1.74424
0.503568
1.57719
1.66786
1.17546
1.86929
0.7737
12.1522
3.3156
0.70386
2.83334
2.13116
2.59202
0.950447
1.06016
0.495621
0.493566
1.17912
0.640856
1.09214
1.7682
0.483324
1.16708
0.794719
0.920683
1.12222
4.77804
2.30191
0.592053
2.16285
3.41887
2.47078
0.828039
0.485215
1.74536
0.937878
0.49792
0.739164
0.692165
0.64717
0.728437
0.409858
3.8581
0.766686
0.495841
1.99361
1.73277
0.504752
0.50909
0.869269
2.29457
0.953612
0.928935
0.60936
2.79302
1.90507
1.37264
5.23698
5.29575
0.768251
3.31679
2.00233
1.99302
4.69043
4.68593
0.837143
1.58106
0.535804
3.66153
2.66938
0.996479
2.58648
3.23497
0.542695
0.4923
1.10965
0.850572
0.488503
1.31891
0.588489
0.672467
0.625857
1.57972
4.13242
4.51104
1.17431
2.33684
0.851008
0.795625
0.658811
1.56412
4.61665
2.55989
1.03226
8.77522
2.01879
1.36982
1.48945
1.77311
4.03413
2.26949
0.951746
0.964051
0.677621
0.384342
0.497032
0.799322
1.20069
1.12988
4.76142
3.77814
2.53622
1.12013
1.90281
2.01066
1.2251
0.917794
0.924988
1.29564
2.57992
3.36164
3.38493
1.28301
1.61365
1.27525
1.3131
1.36863
2.2587
1.16224
0.50738
1.66507
1.35084
2.61763
0.786958
0.499118
0.494731
0.550772
7.38958
2.21895
1.58736
1.86734
0.502601
2.29905
1.68201
0.891564
1.1405
1.52829
0.887606
1.28062
0.502711
1.07322
1.14219
1.51832
0.780015
0.769718
0.507331
0.903987
3.93116
1.46418
0.570265
1.11331
2.00135
2.98759
2.72799
1.74867
3.55959
1.91753
0.496432
0.423181
1.87552
2.04434
1.34616
1.02208
0.534095
2.66735
0.94645
3.58887
0.376362
3.4566
0.878304
2.54635
1.86501
0.486129
1.08171
0.730121
1.9969
2.989
0.492465
1.24484
6.33704
2.23618
5.54588
0.673062
1.56239
0.848194
2.28223
5.75936
0.620687
0.49887
0.52502
2.61245
0.448425
0.976012
3.3996
6.25753
0.496622
3.61004
2.23495
0.748064
0.474681
0.283437
0.445686
0.504084
0.34787
0.718603
1.10631
0.499038
0.411354
0.495667
0.748913
1.45643
3.47005
1.55896
1.80511
2.02052
4.35448
4.7959
2.90592
1.00011
4.17452
2.77256
1.30912
0.928766
0.339636
0.502775
5.06196
1.54153
2.33355
1.41886
0.398087
1.18715
0.647984
2.73118
2.44358
1.18265
0.496824
3.02268
1.39486
1.41826
1.45248
0.497029
0.403587
1.45723
2.5444
0.498543
1.03667
0.279964
0.722432
2.97172
1.44402
2.90806
1.79037
3.17113
0.777545
0.769912
2.19865
1.19053
0.422516
2.22433
1.57294
1.7461
1.04572
2.15151
3.06959
2.22771
11.5025
0.319241
1.27904
1.89962
0.860961
0.606275
1.74592
0.838994
5.36016
5.26943
1.40964
3.60126
0.384211
1.60435
2.97367
0.942195
1.23624
4.35354
0.959031
0.485321
1.85957
1.32481
1.17253
2.28245
2.02143
0.704523
0.499204
0.497232
0.881066
1.72485
5.2042
2.93917
1.11902
0.885013
1.21773
1.33178
2.28549
1.40532
1.01681
2.05496
0.60666
2.01841
0.534407
2.06759
2.33019
0.897182
0.553108
1.51697
1.26844
1.45079
2.23313
1.18763
1.51314
0.461097
4.44303
2.20489
2.30368
1.5225
0.882286
0.502932
2.87345
1.82545
1.61385
3.62625
2.74772
4.81377
1.72396
1.07487
3.43204
2.25535
3.83783
2.52103
0.628787
1.17436
2.5848
0.402313
0.491666
2.6637
1.47314
1.0386
2.0476
3.7972
4.72693
4.14611
1.18429
3.532
3.20872
0.54966
1.94049
1.50612
0.819256
0.816961
7.07536
0.456384
0.484601
0.43878
0.384629
1.62263
0.956139
1.22875
1.15802
0.645898
1.05584
2.58871
1.45132
1.73694
5.17517
5.19673
0.296892
1.62128
3.89824
0.676965
0.693449
0.51118
3.10241
2.50984
4.22604
1.29421
12.2103
0.492763
3.57708
0.493029
3.23729
1.55108
0.868356
1.00519
1.18478
1.46043
2.79924
1.29458
1.46964
0.684555
0.839655
1.1333
0.701281
1.1142
0.499851
0.716194
0.343519
6.4744
0.952578
2.03608
2.59414
1.1443
1.88301
1.30018
1.53552
0.626413
0.747744
1.7939
2.70498
5.70646
0.49831
0.390169
1.8203
0.325195
3.77729
1.6939
0.608821
1.19058
1.8088
2.58499
0.487645
5.0182
2.56354
2.38352
0.543534
0.875744
0.900045
3.04507
4.6573
1.66314
2.6028
0.49779
0.385396
0.861854
1.60517
0.642978
3.53732
1.09754
0.423789
0.492444
0.435184
2.13296
4.13178
1.10098
5.28717
1.80938
3.41902
2.3728
8.47411
0.382662
0.634123
2.7383
0.868255
2.62472
1.74564
0.5337
2.39921
1.55323
2.71059
3.36048
0.496962
2.47265
22.0602
1.19134
0.882382
7.81686
2.52341
1.34157
0.485835
0.346808
0.765252
2.08199
3.31966
2.71407
0.862916
1.12465
2.51568
3.64957
1.76182
1.64431
1.00083
1.07445
0.502897
0.55584
0.604792
0.436088
2.85416
0.9895
1.1767
0.739204
2.44782
2.46696
2.76842
2.55991
1.89536
2.80194
2.03656
0.96378
2.30584
1.90806
2.2815
1.556
3.05823
0.870712
2.54246
0.506454
7.52795
1.77001
2.57333
1.49343
1.27111
0.488322
0.699865
1.35992
0.499072
0.443626
0.498984
1.10484
2.5223
1.94632
2.04084
3.05662
3.06439
0.36863
2.33262
1.73134
0.500935
1.4595
0.505236
3.37134
3.40675
4.3383
1.75193
1.92204
0.488765
1.47072
1.42491
1.48848
2.2812
1.11219
1.13425
2.34616
3.10113
2.46876
0.724699
1.37418
0.781272
1.03596
1.8392
1.44431
0.74412
1.67971
0.868093
1.38687
0.608418
0.712484
3.61539
0.335504
9.40273
0.768656
1.95653
1.79567
0.864917
11.5665
9.09931
5.83057
1.51598
1.72244
2.35266
1.49366
1.29005
0.501709
4.00557
2.02634
1.00877
2.29077
1.72662
1.33404
4.07133
0.499316
0.610283
0.504119
4.94246
0.565652
2.25454
1.64366
3.26342
1.64909
0.577426
3.52142
0.748028
1.56605
1.53666
2.73105
2.25768
0.879846
1.08628
3.57395
3.29441
1.00383
0.633634
0.495478
0.611696
0.894312
0.779405
1.11949
14.8941
0.410687
2.91403
0.67828
1.03623
0.699713
1.92785
2.70116
1.34341
1.59396
0.774121
1.31902
1.80872
6.85294
2.89528
2.28727
2.9644
1.00084
2.01248
3.18405
1.26499
3.46653
1.20001
0.562926
2.24107
1.64887
1.74964
1.44199
1.26571
1.7502
0.642791
0.491484
1.87757
1.44345
2.05374
2.56021
6.15644
4.70461
3.22872
1.70351
1.3712
0.495888
1.68589
1.08513
1.20033
0.966431
0.493576
1.34167
0.427935
3.22016
1.24849
0.838956
0.500735
0.46736
0.506866
3.54624
0.480921
0.499034
1.45869
3.29036
1.48746
0.60936
1.13597
0.615763
0.486142
0.325899
6.97125
1.08435
2.02248
1.84288
2.07612
0.639521
2.0155
3.72854
1.29956
2.75022
1.31086
4.7377
0.495795
1.90191
0.579125
0.49373
2.08999
7.69819
10.2664
6.65039
1.07584
3.4479
2.38616
3.54222
1.70071
0.48392
0.342667
1.04989
0.648694
5.45509
0.61008
4.37297
0.758911
1.80709
6.20179
1.00551
0.997743
0.497851
0.928288
3.48622
0.484975
1.8048
1.09213
3.03373
1.66928
2.96799
2.6206
1.7654
0.567941
3.28152
1.95838
1.39798
1.327
0.686066
2.51283
2.0453
4.24925
0.449053
2.6915
1.20701
2.50424
1.94901
1.86332
3.4575
3.45301
2.63875
1.84398
2.34609
2.79208
2.30404
2.52751
2.21163
0.526688
1.28081
1.49188
1.06479
0.784222
1.07272
0.981745
0.753388
52.7814
9.88624
1.78468
3.23075
3.66433
3.27685
5.33801
1.03197
1.09382
2.81828
0.295599
1.44789
1.84242
1.16434
0.488857
1.34734
0.999436
2.86395
1.53975
4.81331
0.503542
2.39862
1.54769
3.32824
0.539716
0.79725
2.93495
1.15981
1.32528
1.96684
1.54589
0.908634
0.482512
1.29811
4.02371
4.68258
1.13798
0.319636
1.19765
2.43245
1.06569
1.50923
0.495085
1.75181
0.878898
1.24474
1.38442
0.651714
6.08827
8.80961
2.41663
0.728253
4.65478
1.71564
2.57643
1.08833
2.22953
2.16355
1.45167
2.90306
2.02564
2.04056
4.74507
1.14983
0.751967
4.61572
0.741893
1.9232
0.504675
1.05156
2.27936
2.52874
0.857016
0.663932
1.25934
3.42475
0.768301
0.74125
1.96599
0.338987
0.70923
0.63193
0.356626
3.88778
1.5128
3.99795
1.57624
2.2661
2.38175
0.84709
1.92022
2.38329
2.05269
2.59167
1.45335
1.12305
0.980937
4.26697
2.48513
2.42951
2.24437
2.79724
2.71945
5.03637
2.47983
1.25873
3.19748
2.04419
0.722398
1.04642
0.70219
1.22935
1.68762
0.570694
2.46982
2.56064
2.46337
0.975895
1.41173
2.16963
0.519714
1.05048
0.357554
0.682578
0.494263
0.999381
9.83559
1.34936
1.78046
0.42247
4.32
1.56361
1.80849
3.45359
1.95274
3.58568
1.94853
6.2576
3.19754
0.490368
0.707377
0.300098
1.67636
1.41276
0.95642
6.82474
4.25281
1.98096
0.503932
2.65407
3.22971
1.63457
0.590619
2.10492
3.6263
1.43809
2.73217
2.61362
2.74307
0.873489
2.44631
1.71424
3.33885
1.68135
2.06818
3.25109
1.9315
2.09931
2.34471
3.22022
0.512685
2.73403
1.14703
1.56565
2.081
1.12456
1.06313
0.493109
2.18143
0.397693
0.547472
6.64189
3.23296
3.9327
0.490131
0.444463
1.45113
3.67245
1.14687
0.855853
0.501484
2.38533
3.539
3.68525
3.4758
1.48192
1.97416
3.06873
1.72772
1.29818
1.09471
1.4118
1.12464
2.03633
0.777438
0.704846
1.0029
2.01056
0.999648
0.968128
0.500006
3.09412
4.47016
1.29019
1.64376
0.456988
1.75982
0.508858
0.575384
2.86375
3.37665
0.527158
1.40904
0.922811
1.31085
2.55521
3.62556
1.09526
0.770866
0.375159
1.9374
0.386674
4.40272
3.60137
3.20727
1.35397
0.609008
0.339552
1.77723
3.04359
0.821571
5.21324
1.07325
0.736985
0.501128
4.66277
1.96113
0.70336
1.64
1.97225
5.74267
1.22242
4.44275
2.98101
2.59858
1.36814
1.57391
1.02384
0.694168
1.9133
0.486046
3.82103
1.77331
1.46252
1.03886
1.94372
0.505789
0.47027
2.28072
1.28925
0.823142
0.769296
1.03617
0.681137
1.55709
1.08626
2.37698
1.07212
1.74269
4.01512
2.77816
1.94708
0.363529
0.496378
4.55607
3.62311
1.35272
0.918817
1.54107
1.2082
1.38958
2.69957
1.10958
1.32488
2.82601
0.340102
0.496232
0.535302
1.83196
1.50596
0.508765
1.72923
1.11341
0.486063
1.33745
0.398898
0.821149
0.501059
3.98931
1.00509
0.326988
1.90904
2.54778
1.50678
2.32809
0.76137
0.50299
0.720089
1.72809
0.429414
1.24532
0.914357
2.29789
0.460419
8.45222
2.04273
1.68494
1.97418
0.849946
0.569624
0.456108
1.11606
0.496449
2.76459
3.40497
3.14092
0.483718
1.27517
1.37007
1.20728
1.81354
1.16732
1.22536
1.26327
0.333989
1.14976
0.502314
1.29406
0.993197
4.30956
0.658068
0.632322
3.77507
2.83915
2.31557
1.92211
2.47674
1.06942
0.47265
2.93534
1.24868
0.505582
1.40816
1.19164
0.728148
1.95325
2.55951
1.19416
0.579687
1.61178
2.34396
0.360639
1.1564
2.24581
1.47775
5.27108
3.53527
3.97142
5.11251
0.942149
0.492613
0.85489
0.501327
4.42889
3.24793
2.00753
0.336101
1.25788
1.17524
1.91292
0.60299
0.298983
0.849754
0.360358
1.69747
3.64597
1.80701
1.4623
0.317576
1.93532
1.58818
0.496069
2.29016
1.7388
0.783465
1.00777
7.35292
3.47741
2.62229
2.34436
2.39509
2.34114
4.21755
0.493985
2.86776
1.55618
0.501232
0.500969
0.49991
0.540996
1.42057
0.951047
0.497173
5.261
6.98815
0.996726
2.75626
0.56023
0.497039
1.12345
0.39147
3.54761
1.24331
0.570874
0.493199
0.533
0.651489
0.88478
1.02075
0.535637
0.909731
1.36909
0.896951
0.714961
3.00525
3.04019
0.83062
0.423239
0.697421
0.561172
1.06678
1.34012
3.43041
3.84277
3.9505
5.44082
1.05171
1.85893
1.85295
1.12884
0.496326
0.504595
0.917821
0.800416
1.17319
1.44472
0.985693
1.62557
0.489471
1.2008
2.90357
3.88376
2.09152
1.17184
1.12894
2.81048
1.39053
4.99116
0.820532
4.51953
0.342697
5.79975
6.9575
3.00411
2.79765
2.11852
1.3121
2.15825
0.599386
1.41143
4.90965
1.87711
0.554364
1.25261
0.991674
0.502855
1.16878
2.10584
0.585728
0.339955
2.76053
2.09154
2.48943
2.86046
2.35945
1.64095
2.55571
0.820625
1.49411
0.487981
0.931482
2.63616
1.97667
1.26136
0.738226
0.930194
1.62716
1.99215
0.939084
0.797748
2.1637
0.350579
2.448
0.325
0.504007
2.0447
5.48825
1.57231
2.16721
0.773046
3.55322
0.483687
1.29522
0.498026
2.37748
1.25436
3.25575
2.24906
2.05683
1.86816
0.502382
1.02124
1.61325
0.50896
0.508432
2.01405
1.32782
3.25903
3.68427
4.38523
0.909891
0.695162
2.55144
0.864537
0.944133
1.98921
6.43235
0.452439
1.19302
0.509158
1.68905
6.25631
0.535969
1.00202
1.14665
2.20712
1.69263
4.7399
0.744753
1.2965
1.30963
0.926392
1.83415
0.855094
1.02668
1.95571
1.92412
1.94175
0.559358
1.28151
2.14656
2.54649
0.502586
1.54166
1.27939
0.598708
0.758063
0.909396
0.444991
0.522644
0.51763
3.18747
0.751021
0.557782
1.34604
0.41986
1.38424
1.37628
4.01338
1.38709
0.352831
2.46646
2.83788
0.856661
4.32051
3.9275
0.774192
2.33939
0.517699
0.75746
8.11857
2.03167
3.07906
1.54695
1.8831
1.23174
1.48065
1.48193
1.60133
0.653642
1.91414
2.30771
3.61765
1.86499
1.32361
2.02115
0.449291
1.36948
0.847341
3.65046
3.42293
1.67296
2.10394
0.339227
0.490441
5.20044
0.637267
0.680205
1.42361
0.552009
1.0448
3.21045
0.493061
0.626617
0.499032
1.95824
1.01599
2.46204
2.87416
0.453285
2.05979
3.02648
2.49512
0.847489
0.501676
1.57545
1.01149
0.571988
0.488146
1.2226
3.18558
2.61526
3.12169
2.15724
0.505534
1.78026
0.810016
1.30975
2.74913
1.30744
1.38777
1.94945
2.71879
0.943234
0.966641
0.339605
3.36516
2.03089
2.1325
0.940459
1.0363
3.75014
1.94598
1.43982
0.496338
0.45292
1.18159
0.573613
1.70781
4.14025
0.926499
0.434524
4.50974
0.763504
2.24731
1.00766
3.72949
2.58933
2.82421
0.729698
1.80596
0.912453
0.679562
0.42257
0.360936
0.941727
0.4869
2.10961
1.14989
0.655513
3.73855
1.94484
1.41808
1.1573
1.3365
1.1069
4.07688
3.74932
1.26505
2.19625
2.28016
1.18139
1.00838
1.19223
0.283211
0.491786
0.950661
2.76957
0.456606
2.13085
2.21126
2.0383
0.520522
1.2489
2.18589
3.87414
1.33248
4.18037
2.40642
1.88835
0.281895
1.05258
0.504524
3.28212
3.59565
2.55947
2.34372
0.865908
2.20613
1.72732
0.485518
0.769613
1.51563
0.807138
2.46875
2.17144
0.805624
1.59172
1.22986
3.24721
1.03287
1.24834
1.34852
0.854574
1.56892
0.489612
1.306
1.04051
0.856172
1.59232
1.30435
1.17785
0.69919
2.32324
2.10724
0.670958
1.05442
1.57536
0.941812
0.896526
1.40226
1.54097
0.507188
10.0107
1.34006
2.06896
0.518642
0.50308
0.786289
1.17616
0.799186
1.35819
1.5935
0.376927
0.301664
0.593997
0.630187
0.351584
1.02533
0.678502
2.0568
0.511313
2.06761
0.493267
10.3012
3.92281
1.02579
1.95634
1.2571
0.459378
1.3919
0.84872
1.86097
1.59455
4.1488
0.3674
1.5109
0.517051
1.69146
2.0575
0.835174
0.960647
0.660172
0.404365
2.30621
1.58925
0.654249
0.845357
0.886484
0.332185
2.09157
0.683938
0.622673
1.87414
1.40669
1.44585
2.57302
0.917813
4.99421
2.69737
2.09784
1.68552
1.27322
2.34739
1.29941
1.64968
0.51942
0.982156
1.50801
1.80049
0.501396
0.889069
0.498073
1.07925
0.494334
0.454579
1.3732
0.491074
1.41287
0.492434
3.49084
2.87061
1.30034
1.42167
0.886843
0.425055
1.28095
0.36061
1.42068
2.17675
1.40888
2.84939
2.00835
1.77222
0.604118
1.4023
1.36129
0.594549
2.0189
2.06752
0.770739
0.938555
2.4066
1.18744
0.480723
3.78074
6.06334
0.576814
3.39776
0.634933
0.961628
0.82181
2.95595
1.70526
2.61936
1.84076
1.42543
8.07724
8.57786
1.35257
0.504132
1.12265
1.54206
0.581447
1.49537
2.53455
1.14889
0.640085
0.409636
3.53566
1.85611
0.509661
4.84656
1.37956
1.2251
4.01489
4.34205
1.356
1.70081
0.753079
0.903841
0.448365
1.13363
1.39041
1.13257
1.58327
0.307943
0.353615
2.54086
3.93375
0.556479
0.443719
0.544973
1.35788
0.542992
1.25595
0.478817
1.7754
2.14061
2.60282
1.83693
3.54173
2.55079
1.03578
1.27893
0.346246
0.33181
43.7822
13.1689
41.1652
50.986
1.48351
39.5164
1.20136
1.12926
1.527
1.49771
1.24965
1.7581
1.54043
0.916507
0.965743
0.931284
1.75444
1.19905
1.26856
0.511625
1.67219
2.14064
1.75873
2.34143
0.585229
0.786446
0.473706
1.51839
0.958273
1.65748
3.55067
0.488866
1.03098
4.182
5.19593
3.34486
1.89006
2.04907
2.90033
1.36881
0.503722
2.99022
0.74105
3.36174
0.926075
1.33941
1.52867
1.39087
1.99413
1.52657
1.79312
0.573134
1.25958
0.579007
1.62066
0.842966
0.959208
0.760093
1.47446
3.95141
0.971494
1.27048
1.43932
1.17051
2.00151
2.59485
2.42434
3.75199
3.72888
1.31322
3.66067
0.495987
0.800685
1.05038
1.72046
0.497742
0.608383
1.03587
2.18012
0.900475
2.21345
1.21273
0.425074
0.43857
2.12283
6.87866
0.977769
0.939586
0.381487
1.32438
2.05206
1.16367
0.930465
1.28323
2.23519
0.912555
1.73362
0.432565
1.16283
2.90863
0.833632
3.80867
2.56464
0.575086
0.86303
1.70788
1.28842
1.15341
0.648422
2.01608
0.744486
2.90151
0.443187
3.40707
2.85841
2.08542
1.31514
0.767795
4.19812
0.509561
2.5191
0.506653
0.425927
1.5351
0.79185
1.47481
0.984543
0.429285
0.487935
1.87328
0.412443
1.33284
0.419981
0.403034
1.56815
3.93087
1.29863
0.302244
1.12012
1.42271
1.207
1.65742
0.805472
9.38617
0.826258
1.16701
4.24609
1.89125
1.0231
2.40541
2.00314
0.497463
1.5276
1.35819
3.29312
0.485473
11.8394
0.4792
0.524211
3.91484
1.45154
0.830252
1.59481
0.945167
0.483633
4.30895
0.569229
0.49549
1.20482
1.65805
8.83669
0.782263
4.01919
2.20635
0.450187
0.960204
1.6957
0.495224
0.494337
1.13474
2.26643
0.864952
2.83235
2.78397
3.54804
1.98728
0.496176
1.4569
2.09352
0.519707
0.391341
1.55721
4.23822
2.74463
0.641069
1.81671
2.25951
1.14414
0.587362
2.42458
1.20431
0.501386
1.46596
0.718496
1.16651
3.82215
0.851344
4.22615
8.97962
1.21328
2.57573
0.470107
0.384819
1.48415
1.26648
1.60484
1.7681
0.837207
2.49195
1.84693
1.007
1.25641
1.0563
0.442857
1.15008
2.70247
2.14761
2.16297
4.60574
1.12897
0.463587
3.00386
1.09529
1.52349
1.71935
3.21664
5.26162
1.81772
2.09916
1.50126
2.71615
2.74087
7.01863
0.484122
0.294191
1.08484
1.44553
0.655876
1.63891
1.63513
1.2214
0.853163
2.52326
1.78334
1.38665
1.31859
0.765735
3.8124
1.24482
2.485
0.499025
1.65414
1.35772
1.63431
0.680587
1.13142
2.51263
0.954589
2.18235
1.58878
0.857182
2.48753
0.358615
0.493915
4.19516
1.96747
0.628208
1.09391
1.74352
0.912547
1.86495
0.468908
12.912
5.91105
1.79135
0.72855
3.22565
0.503551
0.526457
0.516488
1.76496
1.2335
2.09308
2.74036
0.759935
0.734242
0.99237
0.491065
0.637278
1.45177
0.496899
0.497387
1.18656
0.365834
1.5785
0.857601
8.02798
2.2946
1.57999
1.8859
0.998999
3.66862
0.441603
0.820178
2.93361
0.501535
2.34524
0.560858
0.475352
0.566205
0.83158
3.44724
6.01199
5.55763
2.19484
1.00491
2.355
0.608013
0.508076
5.15943
4.26381
0.872015
0.412678
1.92882
0.794831
1.14275
2.43259
0.650081
0.655
0.804108
0.700044
1.01225
0.955844
2.42443
1.822
1.12845
2.70991
1.29338
0.550064
4.41747
2.61823
2.01714
0.45118
2.08586
2.26352
1.90725
1.02274
1.34863
0.827653
0.552781
0.576447
1.74099
1.99995
0.82103
2.25806
0.305479
0.574514
0.60158
1.27636
5.38593
1.56536
0.612223
0.756259
0.745835
1.21614
2.52266
0.487359
0.475015
0.494381
1.65549
1.07894
0.604075
0.440395
1.5075
2.23221
3.68949
0.547126
2.9628
1.31903
0.657063
5.66596
0.994475
3.217
0.503803
0.520739
0.585914
1.03045
0.481646
0.934105
0.45258
1.13943
1.8388
0.948901
0.580655
2.45591
1.06149
0.906099
0.542272
2.01831
0.546991
5.8677
1.20384
1.30343
1.36709
0.946494
2.89579
0.816419
2.6023
0.865906
1.78401
1.45833
1.66912
0.391777
3.73443
2.2818
0.977847
1.74731
0.461831
0.501502
0.581159
0.382597
2.55287
1.27909
3.32799
0.326263
1.95088
0.583305
1.62048
1.67989
7.15668
2.83348
2.01589
1.47209
1.55201
0.914356
7.78976
5.09904
4.69772
4.23587
3.28498
0.493982
2.71139
0.489299
0.863203
1.95396
2.32931
2.24969
2.24849
1.32505
1.06028
0.476437
1.13698
2.06391
2.12437
9.50455
0.646573
1.72288
1.08934
0.596363
3.02943
4.03949
1.48813
3.39633
1.41897
0.831889
0.542402
2.24349
1.68021
0.328581
2.3032
1.93246
1.50095
1.03148
0.509448
0.526474
0.480807
4.10666
1.96063
2.65183
1.12481
0.585295
1.21369
0.498247
5.56181
0.384209
0.335804
0.699049
2.10292
0.352188
0.43041
2.30326
2.27672
0.600043
3.33139
1.65046
0.649154
0.511937
2.10616
2.7865
0.853069
2.00294
1.74337
0.526348
1.96463
30.5403
27.5431
30.5565
0.505614
3.03049
0.878929
0.953654
0.455178
0.50845
1.36822
1.60864
0.937542
2.50212
1.97977
6.44293
0.575771
0.40476
1.14424
0.625563
0.920326
0.78809
0.91623
1.47155
1.0774
0.491174
2.89935
3.92829
2.66124
3.2432
0.757404
8.01401
2.3972
1.64399
0.506111
1.51708
1.69358
1.15801
0.948631
1.76051
0.49908
1.09461
1.63205
0.490046
1.96729
3.66343
1.73634
0.736792
1.73187
0.765494
0.852328
1.0217
3.26065
2.92947
0.712261
0.904898
3.21678
0.725161
1.11057
1.49481
0.28006
2.76206
1.68607
0.960134
5.42011
4.44155
1.3153
6.53759
0.49244
1.19968
1.92232
0.507269
0.94331
1.19169
0.469635
2.36811
5.37888
2.65897
1.89484
2.05508
2.8472
3.06565
5.43857
3.0521
0.496956
0.392276
1.5283
0.68883
0.719621
2.65616
1.90315
1.28744
1.59394
2.01676
1.19637
0.441548
0.487647
2.83499
2.71499
4.13443
2.94381
2.42028
1.8053
0.537119
3.27108
2.51809
0.858374
2.45665
0.853748
0.346975
0.533356
0.489516
0.493091
4.15381
1.75492
2.24565
1.65808
3.73296
0.495035
0.345875
2.53607
1.78838
1.17726
0.490288
5.25571
5.94807
1.44617
2.09441
0.832783
1.43865
0.978078
1.92036
1.91749
1.6933
1.87611
0.510635
2.6835
0.488235
2.79286
1.51053
1.00335
0.502774
0.489884
0.602428
0.466003
1.31577
2.44273
2.11384
2.989
3.00683
2.87799
1.97199
5.77748
2.74288
0.545214
1.87372
1.58661
0.360561
1.46312
0.286615
1.38105
0.501891
0.510077
0.437033
1.12922
1.58225
0.763368
3.49745
0.494857
2.26191
1.69792
0.492088
1.60526
0.962174
0.463537
1.07128
0.573505
1.66753
0.542915
0.650793
4.74691
0.348543
1.77584
0.868677
1.50408
2.32421
1.00177
2.8715
2.89236
1.62798
0.916117
0.676594
2.79704
0.473999
2.81122
0.875927
2.77232
0.787634
0.511111
0.507211
0.865414
1.36382
2.84112
0.492587
1.01458
1.47987
5.22838
2.67401
2.36281
2.03456
2.57056
1.12475
0.746989
1.46753
2.99063
0.600949
0.51647
1.99137
0.538223
0.472779
2.63909
2.30974
1.67024
1.27791
2.99297
1.2079
2.35692
1.0403
5.38779
4.30759
2.46155
0.496209
0.956579
2.24955
0.582928
2.55437
1.99142
1.48115
2.22715
0.735004
0.885581
0.755206
1.47532
4.90582
3.0982
0.741015
2.29107
1.28839
0.507076
1.23535
2.11863
1.27726
1.76615
0.501457
0.4924
2.40711
2.32866
0.508182
4.0776
2.51919
5.6714
3.48166
0.48885
2.18188
1.70312
2.68712
0.792063
7.46373
2.21817
4.87368
0.447675
0.513212
1.44238
0.712048
0.900338
0.580773
0.499757
2.13649
1.57642
3.42934
1.84912
2.38926
1.91578
1.62193
0.500893
1.19126
2.3861
6.90422
1.88572
0.767939
1.13632
0.470943
0.875919
1.54024
0.366016
0.3313
2.53666
1.58875
1.49825
2.94354
0.986718
0.4972
1.09073
0.370228
9.28795
2.74018
0.870777
3.39772
1.65754
0.816298
2.22301
1.084
1.95763
0.650849
4.78779
1.63015
1.68508
2.50687
0.503239
2.223
1.54804
1.43877
6.8844
2.35254
2.31075
1.10324
6.04101
4.8298
0.668564
0.800048
0.620091
3.24584
2.9923
1.5312
1.05419
1.17382
1.66774
0.49822
0.831628
2.10222
2.11869
0.51848
2.90277
4.26892
2.24405
1.11354
0.58306
1.80117
0.367707
0.963345
0.993083
0.991756
1.33343
0.753611
1.58545
0.343045
1.01236
2.47154
0.693377
1.04852
0.496654
0.49476
0.497451
0.671243
3.37036
5.70161
2.05101
0.499034
4.4958
0.480973
0.49143
2.94262
1.48894
0.495771
1.39458
0.494408
0.737283
1.85751
1.43212
1.29202
0.617995
0.501114
1.69785
1.95112
2.08518
2.28788
1.12273
3.7485
1.93538
1.88053
2.13891
2.00405
0.493569
0.513752
2.23051
2.12349
2.51831
0.654208
3.31324
2.56389
1.96797
0.575135
1.22996
0.643476
1.90419
1.82781
2.02129
1.32314
1.32852
0.48353
0.702329
2.08217
0.499053
2.4016
0.440011
3.48756
3.25973
0.991215
0.662368
0.798115
0.851751
1.86311
1.14987
1.14677
0.445121
0.567208
8.56084
2.30794
0.577107
0.9872
0.698511
4.24118
3.42661
1.37555
0.443633
1.11131
0.50365
1.22658
1.26701
1.6746
1.79301
0.760833
1.75343
1.49032
1.90888
0.55071
2.97367
1.42551
0.495017
4.49994
4.28911
4.6996
2.74237
0.503254
1.3279
0.599243
1.56859
0.517185
1.61167
5.65685
1.73286
2.59614
1.10661
0.720686
2.48574
0.647005
1.9503
3.38093
1.5347
1.37963
0.347409
0.537846
1.87237
1.31816
0.816802
0.490935
1.799
0.499133
0.898758
5.06291
0.532923
0.404454
0.303779
0.281649
2.29581
0.360653
2.39202
2.35622
0.530551
1.18701
1.87853
0.50091
0.707825
0.503193
0.623847
0.494622
0.824517
2.38633
3.72207
3.34604
1.74373
0.673477
1.70732
22.3736
6.83793
0.405962
5.58806
0.925405
1.27778
3.28543
1.05176
1.57736
0.301038
4.12856
3.05138
1.19021
0.500063
0.497799
1.50126
0.497557
0.505551
0.621593
1.31493
1.72217
3.30847
0.924228
0.931243
1.07155
1.33761
0.894346
0.476725
1.22983
1.59152
0.654404
1.60829
1.196
4.50973
3.64437
1.91525
0.498148
1.15853
0.488352
0.490234
2.6758
2.0495
4.60099
2.67926
14.3181
6.72121
2.96993
0.594307
1.94746
1.53424
1.0406
0.730193
1.21933
2.03509
0.511521
0.991508
0.830783
2.16807
2.29042
1.65549
1.34512
1.82513
1.4897
0.496472
0.721757
0.965882
2.09613
11.5177
1.92181
1.05381
1.36195
0.492209
1.20289
0.34568
0.542295
4.97358
2.11421
1.78911
0.585208
0.741824
1.33321
0.503278
0.42297
0.41095
2.09847
5.84135
0.743829
1.39163
0.925856
1.5587
0.50123
1.06462
0.324257
1.38071
0.499835
1.00801
0.494642
6.88474
5.38891
3.04939
3.41103
1.62916
0.417323
2.69627
5.59414
2.02396
1.15855
2.20449
0.909319
0.622023
0.499883
1.89846
1.76434
1.60436
2.55147
3.87388
0.546304
0.6808
0.591552
0.499027
2.43011
0.496786
0.506884
0.440414
0.830744
1.19858
0.482616
0.859288
1.67391
1.70132
0.736649
1.4444
0.646078
0.30995
0.296661
0.731527
0.495877
0.959361
1.98123
0.919111
1.37263
1.45769
0.955808
1.75109
0.656967
0.515361
0.455587
1.84094
0.492871
1.21633
3.38111
0.878772
0.50432
1.93255
0.57317
10.1696
4.49573
2.54679
1.07874
1.39224
1.45227
1.49883
9.66635
0.436033
11.5285
0.500624
0.407388
